SNP,effect_allele.exposure,other_allele.exposure,effect_allele.outcome,other_allele.outcome,beta.exposure,beta.outcome,eaf.exposure,eaf.outcome,remove,palindromic,ambiguous,id.outcome,se.outcome,pval.outcome,outcome,mr_keep.outcome,pval_origin.outcome,proxy.outcome,target_snp.outcome,proxy_snp.outcome,target_a1.outcome,target_a2.outcome,proxy_a1.outcome,proxy_a2.outcome,se.exposure,pval.exposure,exposure,mr_keep.exposure,pval_origin.exposure,id.exposure,action,mr_keep,samplesize.outcome,mrpresso_RSSobs,mrpresso_pval,mrpresso_keep
rs10085696,G,A,G,A,-0.016,0.0152,0.201,0.8107,FALSE,FALSE,FALSE,AtLyET,0.0196,0.4398,load,TRUE,reported,NA,NA,NA,NA,NA,NA,NA,0.00249,1.24e-10,alccliu,TRUE,reported,6GFv2D,2,TRUE,NA,1.6792706680062648e-4,1,TRUE
rs10097299,G,T,G,T,-0.0122,-0.0093,0.194,0.8059,FALSE,FALSE,FALSE,AtLyET,0.0207,0.652,load,TRUE,reported,NA,NA,NA,NA,NA,NA,NA,0.0024,3.84e-7,alccliu,TRUE,reported,6GFv2D,2,TRUE,NA,1.2273581939593368e-4,1,TRUE
rs1011392,G,A,G,A,-0.0113,0.0323,0.346,0.6759,FALSE,FALSE,FALSE,AtLyET,0.0166,0.05123,load,TRUE,reported,NA,NA,NA,NA,NA,NA,NA,0.00208,6.23e-8,alccliu,TRUE,reported,6GFv2D,2,TRUE,NA,9.468852528789232e-4,1,TRUE
rs10168014,G,A,G,A,0.0118,0.0102,0.799,0.8092,FALSE,FALSE,FALSE,AtLyET,0.0198,0.6048,load,TRUE,reported,NA,NA,NA,NA,NA,NA,NA,0.00249,3.11e-6,alccliu,TRUE,reported,6GFv2D,2,TRUE,NA,1.4217524063879565e-4,1,TRUE
rs10204281,T,C,T,C,0.0195,0.0075,0.0644,0.0611,FALSE,FALSE,FALSE,AtLyET,0.0366,0.8376,load,TRUE,reported,NA,NA,NA,NA,NA,NA,NA,0.00391,6.88e-7,alccliu,TRUE,reported,6GFv2D,2,TRUE,NA,1.0653101697062449e-4,1,TRUE
rs10236149,G,A,G,A,-0.016,0.0585,0.17,0.8886,FALSE,FALSE,FALSE,AtLyET,0.0276,0.03377,load,TRUE,reported,NA,NA,NA,NA,NA,NA,NA,0.00297,8.65e-8,alccliu,TRUE,reported,6GFv2D,2,TRUE,NA,0.003172769885274128,1,TRUE
rs10438820,T,C,T,C,0.0112,0.02,0.685,0.29690000000000005,FALSE,FALSE,FALSE,AtLyET,0.0171,0.243,load,TRUE,reported,NA,NA,NA,NA,NA,NA,NA,0.00209,8.04e-8,alccliu,TRUE,reported,6GFv2D,2,TRUE,NA,4.6964462510442923e-4,1,TRUE
rs10512093,G,A,G,A,0.00957,-0.0122,0.484,0.5055000000000001,FALSE,FALSE,FALSE,AtLyET,0.0158,0.4395,load,TRUE,reported,NA,NA,NA,NA,NA,NA,NA,0.00196,9e-7,alccliu,TRUE,reported,6GFv2D,2,TRUE,NA,1.1775512933954264e-4,1,TRUE
rs10516440,G,A,G,A,0.0231,-0.0052,0.126,0.8812,FALSE,FALSE,FALSE,AtLyET,0.0248,0.8352,load,TRUE,reported,NA,NA,NA,NA,NA,NA,NA,0.00284,2.67e-16,alccliu,TRUE,reported,6GFv2D,2,TRUE,NA,3.5790903122681983e-6,1,TRUE
rs10518876,A,G,A,G,-0.0119,-0.0165,0.167,0.1619,FALSE,FALSE,FALSE,AtLyET,0.0208,0.4268,load,TRUE,reported,NA,NA,NA,NA,NA,NA,NA,0.00256,3.04e-6,alccliu,TRUE,reported,6GFv2D,2,TRUE,NA,3.330512921192512e-4,1,TRUE
rs10753661,A,G,A,G,-0.0113,-0.0138,0.702,0.3107,FALSE,FALSE,FALSE,AtLyET,0.0167,0.4074,load,TRUE,reported,TRUE,rs10753661,rs7539883,G,A,G,A,0.00209,4.24e-8,alccliu,TRUE,reported,6GFv2D,2,TRUE,NA,2.3934836293207568e-4,1,TRUE
rs10871641,C,T,C,T,0.00932,-4e-4,0.53,0.5443,FALSE,FALSE,FALSE,AtLyET,0.0155,0.9789,load,TRUE,reported,NA,NA,NA,NA,NA,NA,NA,0.00196,1.79e-6,alccliu,TRUE,reported,6GFv2D,2,TRUE,NA,8.862460266383191e-7,1,TRUE
rs10891547,A,C,A,C,-0.0113,0.0067,0.489,0.49429999999999996,FALSE,FALSE,FALSE,AtLyET,0.0155,0.6657,load,TRUE,reported,NA,NA,NA,NA,NA,NA,NA,0.00194,5.36e-9,alccliu,TRUE,reported,6GFv2D,2,TRUE,NA,2.5953259814693127e-5,1,TRUE
rs10912782,G,T,G,T,-0.0104,-0.002,0.284,0.722,FALSE,FALSE,FALSE,AtLyET,0.0174,0.9068,load,TRUE,reported,NA,NA,NA,NA,NA,NA,NA,0.00216,1.49e-6,alccliu,TRUE,reported,6GFv2D,2,TRUE,NA,1.2268646156351927e-5,1,TRUE
rs10996513,A,C,A,C,0.0211,0.0455,0.0469,0.0498,FALSE,FALSE,FALSE,AtLyET,0.0425,0.2845,load,TRUE,reported,NA,NA,NA,NA,NA,NA,NA,0.00449,2.26e-6,alccliu,TRUE,reported,6GFv2D,2,TRUE,NA,0.002363094767060323,1,TRUE
rs11209742,C,A,C,A,0.0105,0.0463,0.277,0.7126,FALSE,FALSE,FALSE,AtLyET,0.0171,0.00691,load,TRUE,reported,NA,NA,NA,NA,NA,NA,NA,0.00221,2.88e-6,alccliu,TRUE,reported,6GFv2D,2,TRUE,NA,0.002297212725563811,1,TRUE
rs11231299,A,G,A,G,0.0113,0.0375,0.193,0.1927,FALSE,FALSE,FALSE,AtLyET,0.0199,0.05984,load,TRUE,reported,NA,NA,NA,NA,NA,NA,NA,0.00239,1.29e-6,alccliu,TRUE,reported,6GFv2D,2,TRUE,NA,0.0015372652707628196,1,TRUE
rs1123285,G,C,G,C,-0.0127,-8e-4,0.339,0.33799999999999997,FALSE,TRUE,FALSE,AtLyET,0.0166,0.9633,load,TRUE,reported,NA,NA,NA,NA,NA,NA,NA,0.00208,1.36e-9,alccliu,TRUE,reported,6GFv2D,2,TRUE,NA,6.943635153478086e-6,1,TRUE
rs11238438,C,G,C,G,0.0092,-0.018,0.408,0.4297,FALSE,TRUE,TRUE,AtLyET,0.0156,0.2494,load,TRUE,reported,NA,NA,NA,NA,NA,NA,NA,0.00193,2.26e-6,alccliu,TRUE,reported,6GFv2D,2,FALSE,NA,2.7945460934258214e-4,1,TRUE
rs112537273,C,T,C,T,-0.0117,-0.0134,0.215,0.7886,FALSE,FALSE,FALSE,AtLyET,0.0185,0.4671,load,TRUE,reported,NA,NA,NA,NA,NA,NA,NA,0.0023,3.97e-7,alccliu,TRUE,reported,6GFv2D,2,TRUE,NA,2.2865839049277705e-4,1,TRUE
rs1154431,G,A,G,A,-0.0385,0.1325,0.036,0.9585,FALSE,FALSE,FALSE,AtLyET,0.0529,0.01226,load,TRUE,reported,NA,NA,NA,NA,NA,NA,NA,0.00511,7.8500000000000006e-14,alccliu,TRUE,reported,6GFv2D,2,TRUE,NA,0.016235457299282014,1,TRUE
rs1154433,G,A,G,A,0.0199,0.0071,0.399,0.606,FALSE,FALSE,FALSE,AtLyET,0.0159,0.6558,load,TRUE,reported,NA,NA,NA,NA,NA,NA,NA,0.00195,1.03e-24,alccliu,TRUE,reported,6GFv2D,2,TRUE,NA,1.0129403374127499e-4,1,TRUE
rs11570072,G,A,G,A,0.0122,0.0053,0.162,0.8462,FALSE,FALSE,FALSE,AtLyET,0.0217,0.8063,load,TRUE,reported,NA,NA,NA,NA,NA,NA,NA,0.00261,3.77e-6,alccliu,TRUE,reported,6GFv2D,2,TRUE,NA,4.995450819961871e-5,1,TRUE
rs11640031,A,G,A,G,0.0187,-0.0496,0.0765,0.0869,FALSE,FALSE,FALSE,AtLyET,0.0317,0.1177,load,TRUE,reported,NA,NA,NA,NA,NA,NA,NA,0.00366,4.92e-7,alccliu,TRUE,reported,6GFv2D,2,TRUE,NA,0.002211094521259915,1,TRUE
rs116525215,A,G,A,G,0.0182,0.035,0.0828,0.0878,FALSE,FALSE,FALSE,AtLyET,0.0443,0.4292,load,TRUE,reported,NA,NA,NA,NA,NA,NA,NA,0.00382,1.96e-6,alccliu,TRUE,reported,6GFv2D,2,TRUE,NA,0.0014180839409888095,1,TRUE
rs117227907,G,T,G,T,0.0399,0.2286,0.0191,0.9816,FALSE,FALSE,FALSE,AtLyET,0.1177,0.05211,load,TRUE,reported,NA,NA,NA,NA,NA,NA,NA,0.0083,1.13e-6,alccliu,TRUE,reported,6GFv2D,2,TRUE,NA,0.054996251154019946,1,TRUE
rs117457606,T,C,T,C,0.0238,0.0462,0.0362,0.0358,FALSE,FALSE,FALSE,AtLyET,0.0572,0.4196,load,TRUE,reported,NA,NA,NA,NA,NA,NA,NA,0.00514,3.59e-6,alccliu,TRUE,reported,6GFv2D,2,TRUE,NA,0.0024678102503375315,1,TRUE
rs11860773,C,T,C,T,-0.0155,0.0091,0.176,0.8138,FALSE,FALSE,FALSE,AtLyET,0.0223,0.6847,load,TRUE,reported,NA,NA,NA,NA,NA,NA,NA,0.00251,8.35e-10,alccliu,TRUE,reported,6GFv2D,2,TRUE,NA,4.7542693920743274e-5,1,TRUE
rs12079214,T,C,T,C,-0.01,-0.0048,0.276,0.2739,FALSE,FALSE,FALSE,AtLyET,0.0173,0.7815,load,TRUE,reported,NA,NA,NA,NA,NA,NA,NA,0.00217,3.58e-6,alccliu,TRUE,reported,6GFv2D,2,TRUE,NA,3.907218445159912e-5,1,TRUE
rs12124523,T,C,T,C,-0.017,-0.0454,0.0928,0.1002,FALSE,FALSE,FALSE,AtLyET,0.0296,0.1248,load,TRUE,reported,NA,NA,NA,NA,NA,NA,NA,0.00326,1.5e-7,alccliu,TRUE,reported,6GFv2D,2,TRUE,NA,0.0022990246297766395,1,TRUE
rs12285419,A,C,A,C,0.0121,-0.0227,0.2,0.1847,FALSE,FALSE,FALSE,AtLyET,0.021,0.2811,load,TRUE,reported,NA,NA,NA,NA,NA,NA,NA,0.00252,1.18e-6,alccliu,TRUE,reported,6GFv2D,2,TRUE,NA,4.4133413909960324e-4,1,TRUE
rs1229984,C,T,C,T,0.209,-0.0444,0.953,0.9424,FALSE,FALSE,FALSE,AtLyET,0.0424,0.295,load,TRUE,reported,NA,NA,NA,NA,NA,NA,NA,0.00673,1e-200,alccliu,TRUE,reported,6GFv2D,2,TRUE,NA,2.9412670102538143e-4,1,TRUE
rs1230148,G,T,G,T,0.0133,-0.0081,0.658,0.6376,FALSE,FALSE,FALSE,AtLyET,0.0174,0.643,load,TRUE,reported,NA,NA,NA,NA,NA,NA,NA,0.00213,5.08e-10,alccliu,TRUE,reported,6GFv2D,2,TRUE,NA,3.860410990475715e-5,1,TRUE
rs12468596,A,G,A,G,0.0114,0.0083,0.2,0.1929,FALSE,FALSE,FALSE,AtLyET,0.0194,0.6701,load,TRUE,reported,NA,NA,NA,NA,NA,NA,NA,0.00234,1.12e-6,alccliu,TRUE,reported,6GFv2D,2,TRUE,NA,9.922044844085616e-5,1,TRUE
rs12507806,T,C,T,C,0.012,-0.0048,0.4,0.4002,FALSE,FALSE,FALSE,AtLyET,0.016,0.763,load,TRUE,reported,NA,NA,NA,NA,NA,NA,NA,0.00197,8.85e-10,alccliu,TRUE,reported,6GFv2D,2,TRUE,NA,9.531898739032762e-6,1,TRUE
rs12513758,G,C,G,C,-0.0139,-0.0075,0.161,0.1653,FALSE,TRUE,FALSE,AtLyET,0.021,0.7211,load,TRUE,reported,NA,NA,NA,NA,NA,NA,NA,0.0027,2.54e-7,alccliu,TRUE,reported,6GFv2D,2,TRUE,NA,9.072657790897142e-5,1,TRUE
rs1260326,C,T,C,T,0.0233,8e-4,0.595,0.5768,FALSE,FALSE,FALSE,AtLyET,0.0161,0.9608,load,TRUE,reported,NA,NA,NA,NA,NA,NA,NA,0.00196,3.33e-33,alccliu,TRUE,reported,6GFv2D,2,TRUE,NA,1.7695638302340473e-5,1,TRUE
rs12724444,A,G,A,G,-0.0165,0.075,0.0867,0.0808,FALSE,FALSE,FALSE,AtLyET,0.0489,0.125,load,TRUE,reported,NA,NA,NA,NA,NA,NA,NA,0.00354,2.87e-6,alccliu,TRUE,reported,6GFv2D,2,TRUE,NA,0.005283025400750795,1,TRUE
rs1275535,T,C,T,C,-0.0122,-0.0021,0.7,0.30100000000000005,FALSE,FALSE,FALSE,AtLyET,0.017,0.9005,load,TRUE,reported,NA,NA,NA,NA,NA,NA,NA,0.00221,3.67e-8,alccliu,TRUE,reported,6GFv2D,2,TRUE,NA,1.4947735491891423e-5,1,TRUE
rs13030345,T,G,T,G,-0.013,0.0122,0.197,0.1915,FALSE,FALSE,FALSE,AtLyET,0.0205,0.5538,load,TRUE,reported,NA,NA,NA,NA,NA,NA,NA,0.00259,4.45e-7,alccliu,TRUE,reported,6GFv2D,2,TRUE,NA,1.0732756818358425e-4,1,TRUE
rs13032049,G,A,G,A,0.0133,-0.0033,0.28,0.2922,FALSE,FALSE,FALSE,AtLyET,0.0171,0.8452,load,TRUE,reported,TRUE,rs13032049,rs12993804,G,A,A,T,0.00217,5.95e-10,alccliu,TRUE,reported,6GFv2D,2,TRUE,NA,1.9449938530109e-6,1,TRUE
rs13066050,T,C,T,C,0.0111,-0.0327,0.202,0.2053,FALSE,FALSE,FALSE,AtLyET,0.0197,0.09689,load,TRUE,reported,NA,NA,NA,NA,NA,NA,NA,0.00237,2.41e-6,alccliu,TRUE,reported,6GFv2D,2,TRUE,NA,9.716393504018433e-4,1,TRUE
rs13077520,C,T,C,T,-0.0123,-0.0471,0.225,0.7805,FALSE,FALSE,FALSE,AtLyET,0.0189,0.01251,load,TRUE,reported,NA,NA,NA,NA,NA,NA,NA,0.00236,1.84e-7,alccliu,TRUE,reported,6GFv2D,2,TRUE,NA,0.0024015671903000746,1,TRUE
rs13107325,T,C,T,C,-0.0369,0.0509,0.0654,0.0697,FALSE,FALSE,FALSE,AtLyET,0.0308,0.09826,load,TRUE,reported,NA,NA,NA,NA,NA,NA,NA,0.00395,1.23e-20,alccliu,TRUE,reported,6GFv2D,2,TRUE,NA,0.002119582607948399,1,TRUE
rs13114629,A,G,A,G,-0.027,0.0544,0.0367,0.031,FALSE,FALSE,FALSE,AtLyET,0.0483,0.2601,load,TRUE,reported,NA,NA,NA,NA,NA,NA,NA,0.00576,3.88e-6,alccliu,TRUE,reported,6GFv2D,2,TRUE,NA,0.0025629994908402125,1,TRUE
rs13124335,C,T,C,T,0.0128,-0.0329,0.174,0.8231,FALSE,FALSE,FALSE,AtLyET,0.0283,0.2448,load,TRUE,reported,NA,NA,NA,NA,NA,NA,NA,0.00268,2.41e-6,alccliu,TRUE,reported,6GFv2D,2,TRUE,NA,9.674149288871368e-4,1,TRUE
rs13127398,A,T,A,T,-0.0257,0.0227,0.0576,0.0611,FALSE,TRUE,FALSE,AtLyET,0.0389,0.5597,load,TRUE,reported,NA,NA,NA,NA,NA,NA,NA,0.0041,4.42e-10,alccliu,TRUE,reported,6GFv2D,2,TRUE,NA,3.633915277561815e-4,1,TRUE
rs13229395,C,T,C,T,-0.013,0.0017,0.266,0.7411,FALSE,FALSE,FALSE,AtLyET,0.0175,0.9244,load,TRUE,reported,NA,NA,NA,NA,NA,NA,NA,0.00218,2.64e-9,alccliu,TRUE,reported,6GFv2D,2,TRUE,NA,2.8396778256463218e-8,1,TRUE
rs13233654,G,A,G,A,-0.0192,0.0598,0.0724,0.9385,FALSE,FALSE,FALSE,AtLyET,0.0319,0.06123,load,TRUE,reported,NA,NA,NA,NA,NA,NA,NA,0.00396,1.43e-6,alccliu,TRUE,reported,6GFv2D,2,TRUE,NA,0.0032694907371813076,1,TRUE
rs13254315,A,G,A,G,0.0123,0.0231,0.146,0.1476,FALSE,FALSE,FALSE,AtLyET,0.0219,0.2921,load,TRUE,reported,NA,NA,NA,NA,NA,NA,NA,0.00269,4.64e-6,alccliu,TRUE,reported,6GFv2D,2,TRUE,NA,6.209943568833484e-4,1,TRUE
rs13288470,T,A,T,A,-0.0163,0.0098,0.119,0.11580000000000001,FALSE,TRUE,FALSE,AtLyET,0.0239,0.6817,load,TRUE,reported,NA,NA,NA,NA,NA,NA,NA,0.00303,9.06e-8,alccliu,TRUE,reported,6GFv2D,2,TRUE,NA,5.5967831625197344e-5,1,TRUE
rs13332432,G,C,G,C,0.0142,-0.0078,0.296,0.2956,FALSE,TRUE,FALSE,AtLyET,0.0183,0.6696,load,TRUE,reported,NA,NA,NA,NA,NA,NA,NA,0.00219,5.94e-11,alccliu,TRUE,reported,6GFv2D,2,TRUE,NA,3.344212066336192e-5,1,TRUE
rs1377491,T,A,T,A,0.0117,0.0031,0.807,0.7976,FALSE,TRUE,FALSE,AtLyET,0.0191,0.8713,load,TRUE,reported,NA,NA,NA,NA,NA,NA,NA,0.00238,1.03e-6,alccliu,TRUE,reported,6GFv2D,2,TRUE,NA,2.297383593142671e-5,1,TRUE
rs138068171,T,C,T,C,-0.0286,0.0031,0.0396,0.0283,FALSE,FALSE,FALSE,AtLyET,0.0474,0.9478,load,TRUE,reported,NA,NA,NA,NA,NA,NA,NA,0.00562,3.08e-7,alccliu,TRUE,reported,6GFv2D,2,TRUE,NA,1.0237842950466295e-6,1,TRUE
rs1387766,A,G,A,G,-0.0108,0.0111,0.622,0.3891,FALSE,FALSE,FALSE,AtLyET,0.0162,0.4916,load,TRUE,reported,NA,NA,NA,NA,NA,NA,NA,0.00198,4.79e-8,alccliu,TRUE,reported,6GFv2D,2,TRUE,NA,9.17114242234096e-5,1,TRUE
rs139629585,C,T,C,T,-0.013,0.0197,0.153,0.8499,FALSE,FALSE,FALSE,AtLyET,0.0229,0.3906,load,TRUE,reported,NA,NA,NA,NA,NA,NA,NA,0.00277,1.16e-6,alccliu,TRUE,reported,6GFv2D,2,TRUE,NA,3.193558206970147e-4,1,TRUE
rs140572477,A,G,A,G,-0.185,0.067,0.0045,NA,FALSE,FALSE,FALSE,AtLyET,0.0841,0.4256,load,TRUE,reported,NA,NA,NA,NA,NA,NA,NA,0.0211,1.29e-18,alccliu,TRUE,reported,6GFv2D,2,TRUE,NA,0.0017444682855783965,1,TRUE
rs1416706,A,G,A,G,0.01,0.0023,0.672,0.32520000000000004,FALSE,FALSE,FALSE,AtLyET,0.0172,0.8947,load,TRUE,reported,NA,NA,NA,NA,NA,NA,NA,0.00208,1.31e-6,alccliu,TRUE,reported,6GFv2D,2,TRUE,NA,1.4027174418273591e-5,1,TRUE
rs144502847,A,T,A,T,-0.17,0.059,0.00528,NA,FALSE,TRUE,TRUE,AtLyET,0.0951,0.5347,load,TRUE,reported,NA,NA,NA,NA,NA,NA,NA,0.0191,9.21e-19,alccliu,TRUE,reported,6GFv2D,2,FALSE,NA,0.0012479857762085617,1,TRUE
rs147711594,T,G,T,G,-0.0307,-0.0282,0.0212,0.0239,FALSE,FALSE,FALSE,AtLyET,0.0701,0.6873,load,TRUE,reported,NA,NA,NA,NA,NA,NA,NA,0.00626,1.12e-6,alccliu,TRUE,reported,6GFv2D,2,TRUE,NA,0.001066210812120272,1,TRUE
rs147865473,G,A,G,A,-0.0237,0.0165,0.0378,0.9673,FALSE,FALSE,FALSE,AtLyET,0.043,0.7016,load,TRUE,reported,NA,NA,NA,NA,NA,NA,NA,0.00475,5.47e-7,alccliu,TRUE,reported,6GFv2D,2,TRUE,NA,1.7216799767244133e-4,1,TRUE
rs148960385,A,G,A,G,-0.164,-8e-4,0.0118,0.9805,FALSE,FALSE,FALSE,AtLyET,0.0855,0.9925,load,TRUE,reported,TRUE,rs148960385,rs147825380,A,G,C,A,0.012,2.47e-42,alccliu,TRUE,reported,6GFv2D,2,TRUE,NA,6.238650377901806e-4,1,TRUE
rs149015425,T,G,T,G,-0.0217,0.0089,0.0425,0.0384,FALSE,FALSE,FALSE,AtLyET,0.0646,0.8904,load,TRUE,reported,NA,NA,NA,NA,NA,NA,NA,0.00471,3.16e-6,alccliu,TRUE,reported,6GFv2D,2,TRUE,NA,3.3482558698377454e-5,1,TRUE
rs150955800,A,T,A,T,-0.166,0.0563,0.00556,NA,FALSE,TRUE,TRUE,AtLyET,0.0909,0.5352,load,TRUE,reported,NA,NA,NA,NA,NA,NA,NA,0.0187,8.14e-19,alccliu,TRUE,reported,6GFv2D,2,FALSE,NA,0.0011013658711897026,1,TRUE
rs153106,C,T,C,T,-0.0137,-0.0095,0.409,0.6016,FALSE,FALSE,FALSE,AtLyET,0.0159,0.5505,load,TRUE,reported,NA,NA,NA,NA,NA,NA,NA,0.00196,3.63e-12,alccliu,TRUE,reported,6GFv2D,2,TRUE,NA,1.3283851739759585e-4,1,TRUE
rs1540751,C,T,C,T,-0.009,0.0104,0.573,0.5809,FALSE,FALSE,FALSE,AtLyET,0.0166,0.5311,load,TRUE,reported,NA,NA,NA,NA,NA,NA,NA,0.00196,4.23e-6,alccliu,TRUE,reported,6GFv2D,2,TRUE,NA,8.32608406097686e-5,1,TRUE
rs1558902,A,T,A,T,-0.01,0.003,0.4,0.4035,FALSE,TRUE,FALSE,AtLyET,0.016,0.8507,load,TRUE,reported,NA,NA,NA,NA,NA,NA,NA,0.00196,3.25e-7,alccliu,TRUE,reported,6GFv2D,2,TRUE,NA,2.4562525222576043e-6,1,TRUE
rs1583317,T,C,T,C,0.0118,0.016,0.196,0.1885,FALSE,FALSE,FALSE,AtLyET,0.02,0.4235,load,TRUE,reported,NA,NA,NA,NA,NA,NA,NA,0.00247,1.75e-6,alccliu,TRUE,reported,6GFv2D,2,TRUE,NA,3.145892365495691e-4,1,TRUE
rs1609028,C,G,C,G,0.00923,0.0018,0.597,0.6317,FALSE,TRUE,FALSE,AtLyET,0.0159,0.9106,load,TRUE,reported,NA,NA,NA,NA,NA,NA,NA,0.00194,6.79e-7,alccliu,TRUE,reported,6GFv2D,2,TRUE,NA,9.817244992587777e-6,1,TRUE
rs16844383,T,C,T,C,-0.0119,0.0022,0.163,0.1729,FALSE,FALSE,FALSE,AtLyET,0.0243,0.9265,load,TRUE,reported,NA,NA,NA,NA,NA,NA,NA,0.00265,3.46e-6,alccliu,TRUE,reported,6GFv2D,2,TRUE,NA,2.4102695067435965e-7,1,TRUE
rs16854020,A,G,A,G,0.018,-0.022,0.127,0.1236,FALSE,FALSE,FALSE,AtLyET,0.0244,0.3671,load,TRUE,reported,NA,NA,NA,NA,NA,NA,NA,0.00289,4.82e-10,alccliu,TRUE,reported,6GFv2D,2,TRUE,NA,3.7964300309067364e-4,1,TRUE
rs16959025,G,T,G,T,0.0122,-0.0483,0.191,0.8248,FALSE,FALSE,FALSE,AtLyET,0.0218,0.0269,load,TRUE,reported,NA,NA,NA,NA,NA,NA,NA,0.00254,2.14e-6,alccliu,TRUE,reported,6GFv2D,2,TRUE,NA,0.0021757109682148195,1,TRUE
rs17008424,G,C,G,C,0.0271,-0.0759,0.0405,0.0393,FALSE,TRUE,FALSE,AtLyET,0.0392,0.05303,load,TRUE,reported,NA,NA,NA,NA,NA,NA,NA,0.00536,4.06e-7,alccliu,TRUE,reported,6GFv2D,2,TRUE,NA,0.005218111015843191,1,TRUE
rs17031776,T,C,T,C,-0.0109,0.0179,0.248,0.2448,FALSE,FALSE,FALSE,AtLyET,0.018,0.3189,load,TRUE,reported,NA,NA,NA,NA,NA,NA,NA,0.00227,1.93e-6,alccliu,TRUE,reported,6GFv2D,2,TRUE,NA,2.6810465897007747e-4,1,TRUE
rs17177078,T,C,T,C,-0.0248,0.036,0.0664,0.0687,FALSE,FALSE,FALSE,AtLyET,0.033,0.2749,load,TRUE,reported,NA,NA,NA,NA,NA,NA,NA,0.0041,9.51e-10,alccliu,TRUE,reported,6GFv2D,2,TRUE,NA,0.0010601091400664366,1,TRUE
rs17248480,A,G,A,G,-0.0326,0.0684,0.0235,0.0282,FALSE,FALSE,FALSE,AtLyET,0.0484,0.158,load,TRUE,reported,NA,NA,NA,NA,NA,NA,NA,0.00648,4.3e-7,alccliu,TRUE,reported,6GFv2D,2,TRUE,NA,0.00408440327546266,1,TRUE
rs17288033,C,G,C,G,-0.0214,-0.0681,0.0902,0.1046,FALSE,TRUE,FALSE,AtLyET,0.0334,0.04127,load,TRUE,reported,NA,NA,NA,NA,NA,NA,NA,0.00364,1.04e-9,alccliu,TRUE,reported,6GFv2D,2,TRUE,NA,0.005093721282982773,1,TRUE
rs17529509,A,C,A,C,-0.0158,-0.0187,0.0966,0.1042,FALSE,FALSE,FALSE,AtLyET,0.025,0.4535,load,TRUE,reported,NA,NA,NA,NA,NA,NA,NA,0.00326,6.85e-7,alccliu,TRUE,reported,6GFv2D,2,TRUE,NA,4.421027397179092e-4,1,TRUE
rs17542254,G,A,G,A,0.0131,0.0105,0.251,0.7367,FALSE,FALSE,FALSE,AtLyET,0.0174,0.5483,load,TRUE,reported,NA,NA,NA,NA,NA,NA,NA,0.00214,8.96e-10,alccliu,TRUE,reported,6GFv2D,2,TRUE,NA,1.5448660230256105e-4,1,TRUE
rs17884691,A,G,A,G,-0.0117,-9e-4,0.221,0.231,FALSE,FALSE,FALSE,AtLyET,0.0208,0.9655,load,TRUE,reported,NA,NA,NA,NA,NA,NA,NA,0.0024,2.22e-6,alccliu,TRUE,reported,6GFv2D,2,TRUE,NA,6.690312377092919e-6,1,TRUE
rs1825395,C,A,C,A,0.0106,4e-4,0.337,0.669,FALSE,FALSE,FALSE,AtLyET,0.0166,0.9823,load,TRUE,reported,NA,NA,NA,NA,NA,NA,NA,0.00214,6.84e-7,alccliu,TRUE,reported,6GFv2D,2,TRUE,NA,3.7183289729994393e-6,1,TRUE
rs1872552,A,G,A,G,0.0141,-0.0129,0.386,0.4074,FALSE,FALSE,FALSE,AtLyET,0.0158,0.4136,load,TRUE,reported,NA,NA,NA,NA,NA,NA,NA,0.002,1.83e-12,alccliu,TRUE,reported,6GFv2D,2,TRUE,NA,1.1951166421422636e-4,1,TRUE
rs1881396,G,T,G,T,0.0144,-0.0155,0.212,0.7905,FALSE,FALSE,FALSE,AtLyET,0.0195,0.4246,load,TRUE,reported,NA,NA,NA,NA,NA,NA,NA,0.00235,9.03e-10,alccliu,TRUE,reported,6GFv2D,2,TRUE,NA,1.8171019111430067e-4,1,TRUE
rs1906252,A,C,A,C,0.00901,-0.023,0.466,0.4997,FALSE,FALSE,FALSE,AtLyET,0.0157,0.1439,load,TRUE,reported,NA,NA,NA,NA,NA,NA,NA,0.00194,4.22e-6,alccliu,TRUE,reported,6GFv2D,2,TRUE,NA,4.7320188137799785e-4,1,TRUE
rs1910091,A,G,A,G,0.0117,-0.0444,0.274,0.2659,FALSE,FALSE,FALSE,AtLyET,0.0177,0.01194,load,TRUE,reported,TRUE,rs1910091,rs1502042,A,G,A,G,0.00218,7.87e-8,alccliu,TRUE,reported,6GFv2D,2,TRUE,NA,0.0018355904405417205,1,TRUE
rs1927847,C,T,C,T,-0.00958,0.0147,0.378,0.6231,FALSE,FALSE,FALSE,AtLyET,0.0176,0.404,load,TRUE,reported,NA,NA,NA,NA,NA,NA,NA,0.00209,3.95e-6,alccliu,TRUE,reported,6GFv2D,2,TRUE,NA,1.782196977080694e-4,1,TRUE
rs1942964,G,T,G,T,-0.0103,-0.0036,0.477,0.5095,FALSE,FALSE,FALSE,AtLyET,0.0161,0.8225,load,TRUE,reported,NA,NA,NA,NA,NA,NA,NA,0.00197,2.24e-7,alccliu,TRUE,reported,6GFv2D,2,TRUE,NA,2.594736053173446e-5,1,TRUE
rs1949613,T,G,T,G,0.0106,-0.0026,0.709,0.2901,FALSE,FALSE,FALSE,AtLyET,0.0169,0.8791,load,TRUE,reported,NA,NA,NA,NA,NA,NA,NA,0.00215,7.06e-7,alccliu,TRUE,reported,6GFv2D,2,TRUE,NA,1.1659309008817784e-6,1,TRUE
rs1971157,C,G,C,G,0.00985,-0.0377,0.384,0.3821,FALSE,TRUE,FALSE,AtLyET,0.0173,0.02952,load,TRUE,reported,NA,NA,NA,NA,NA,NA,NA,0.00204,8.22e-7,alccliu,TRUE,reported,6GFv2D,2,TRUE,NA,0.0013222937807464152,1,TRUE
rs2049045,C,G,C,G,-0.0137,0.0185,0.189,0.1912,FALSE,TRUE,FALSE,AtLyET,0.0193,0.3374,load,TRUE,reported,NA,NA,NA,NA,NA,NA,NA,0.00251,3.97e-8,alccliu,TRUE,reported,6GFv2D,2,TRUE,NA,2.7513817272570453e-4,1,TRUE
rs2074378,T,C,T,C,-0.01,0.0167,0.341,0.3244,FALSE,FALSE,FALSE,AtLyET,0.017,0.3257,load,TRUE,reported,NA,NA,NA,NA,NA,NA,NA,0.00208,1.14e-6,alccliu,TRUE,reported,6GFv2D,2,TRUE,NA,2.3404336951137866e-4,1,TRUE
rs2116993,C,T,C,T,0.0151,-0.0056,0.888,0.8939,FALSE,FALSE,FALSE,AtLyET,0.0256,0.8273,load,TRUE,reported,NA,NA,NA,NA,NA,NA,NA,0.00326,3.7e-6,alccliu,TRUE,reported,6GFv2D,2,TRUE,NA,1.1822260185547306e-5,1,TRUE
rs2141284,A,G,A,G,-0.185,0.1318,0.00898,0.0142,FALSE,FALSE,FALSE,AtLyET,0.0587,0.02484,load,TRUE,reported,NA,NA,NA,NA,NA,NA,NA,0.0133,4.71e-44,alccliu,TRUE,reported,6GFv2D,2,TRUE,NA,0.012698094604656941,1,TRUE
rs2299409,A,G,A,G,-0.0104,0.0224,0.493,0.47619999999999996,FALSE,FALSE,FALSE,AtLyET,0.0154,0.146,load,TRUE,reported,NA,NA,NA,NA,NA,NA,NA,0.00192,4.8e-8,alccliu,TRUE,reported,6GFv2D,2,TRUE,NA,4.397194729872371e-4,1,TRUE
rs2336448,T,C,T,C,-0.0103,0.015,0.418,0.3988,FALSE,FALSE,FALSE,AtLyET,0.0165,0.3605,load,TRUE,reported,NA,NA,NA,NA,NA,NA,NA,0.00197,1.62e-7,alccliu,TRUE,reported,6GFv2D,2,TRUE,NA,1.8374601961382837e-4,1,TRUE
rs2414133,G,A,G,A,0.0106,-0.004,0.309,0.705,FALSE,FALSE,FALSE,AtLyET,0.0169,0.8142,load,TRUE,reported,NA,NA,NA,NA,NA,NA,NA,0.00214,6.21e-7,alccliu,TRUE,reported,6GFv2D,2,TRUE,NA,6.167608188058849e-6,1,TRUE
rs2472297,T,C,T,C,0.0114,0.037,0.206,0.2365,FALSE,FALSE,FALSE,AtLyET,0.0196,0.05921,load,TRUE,reported,NA,NA,NA,NA,NA,NA,NA,0.00225,4e-7,alccliu,TRUE,reported,6GFv2D,2,TRUE,NA,0.0014996567013273983,1,TRUE
rs2511516,A,G,A,G,-0.0137,-0.0043,0.821,0.1744,FALSE,FALSE,FALSE,AtLyET,0.0205,0.8331,load,TRUE,reported,NA,NA,NA,NA,NA,NA,NA,0.00252,5.76e-8,alccliu,TRUE,reported,6GFv2D,2,TRUE,NA,3.952895355942061e-5,1,TRUE
rs2545799,G,T,G,T,0.00944,-0.0112,0.508,0.5323,FALSE,FALSE,FALSE,AtLyET,0.0166,0.4992,load,TRUE,reported,NA,NA,NA,NA,NA,NA,NA,0.00204,3.65e-6,alccliu,TRUE,reported,6GFv2D,2,TRUE,NA,9.731637527056691e-5,1,TRUE
rs2548457,C,T,C,T,-0.0147,-0.0257,0.117,0.9002,FALSE,FALSE,FALSE,AtLyET,0.034,0.4492,load,TRUE,reported,NA,NA,NA,NA,NA,NA,NA,0.00322,3.86e-6,alccliu,TRUE,reported,6GFv2D,2,TRUE,NA,7.754489697997455e-4,1,TRUE
rs2582894,T,G,T,G,0.013,0.0364,0.834,0.8301000000000001,FALSE,FALSE,FALSE,AtLyET,0.0207,0.07806,load,TRUE,reported,TRUE,rs2582894,rs2582911,G,T,A,G,0.00261,6.21e-7,alccliu,TRUE,reported,6GFv2D,2,TRUE,NA,0.0014721690087989138,1,TRUE
rs2584448,G,T,G,T,0.0103,-0.0027,0.537,0.5347999999999999,FALSE,FALSE,FALSE,AtLyET,0.0157,0.8615,load,TRUE,reported,NA,NA,NA,NA,NA,NA,NA,0.00197,1.83e-7,alccliu,TRUE,reported,6GFv2D,2,TRUE,NA,1.4971172830287125e-6,1,TRUE
rs2639326,T,C,T,C,-0.0105,-0.0079,0.355,0.3634,FALSE,FALSE,FALSE,AtLyET,0.0162,0.6238,load,TRUE,reported,NA,NA,NA,NA,NA,NA,NA,0.00201,1.97e-7,alccliu,TRUE,reported,6GFv2D,2,TRUE,NA,8.902161915424227e-5,1,TRUE
rs2687963,A,G,A,G,-0.0164,-0.0195,0.707,0.28280000000000005,FALSE,FALSE,FALSE,AtLyET,0.0171,0.2537,load,TRUE,reported,NA,NA,NA,NA,NA,NA,NA,0.00214,1.45e-14,alccliu,TRUE,reported,6GFv2D,2,TRUE,NA,4.836203941320001e-4,1,TRUE
rs2713544,A,T,A,T,-0.00995,-0.0081,0.633,0.6346,FALSE,TRUE,FALSE,AtLyET,0.016,0.6115,load,TRUE,reported,NA,NA,NA,NA,NA,NA,NA,0.002,6.49e-7,alccliu,TRUE,reported,6GFv2D,2,TRUE,NA,9.128479612585007e-5,1,TRUE
rs2713871,G,T,G,T,-0.0094,0.0218,0.478,0.5247,FALSE,FALSE,FALSE,AtLyET,0.0155,0.1604,load,TRUE,reported,NA,NA,NA,NA,NA,NA,NA,0.00193,1.11e-6,alccliu,TRUE,reported,6GFv2D,2,TRUE,NA,4.2023646905562674e-4,1,TRUE
rs2724988,T,G,T,G,0.00935,0.003,0.598,0.39759999999999995,FALSE,FALSE,FALSE,AtLyET,0.016,0.8491,load,TRUE,reported,NA,NA,NA,NA,NA,NA,NA,0.00198,2.48e-6,alccliu,TRUE,reported,6GFv2D,2,TRUE,NA,1.895178246853728e-5,1,TRUE
rs281287,G,A,G,A,0.00942,0.0088,0.378,0.6411,FALSE,FALSE,FALSE,AtLyET,0.0159,0.5815,load,TRUE,reported,NA,NA,NA,NA,NA,NA,NA,0.00203,3.51e-6,alccliu,TRUE,reported,6GFv2D,2,TRUE,NA,1.03578182844798e-4,1,TRUE
rs28429420,A,G,A,G,-0.0101,0.0253,0.395,0.4114,FALSE,FALSE,FALSE,AtLyET,0.0156,0.1048,load,TRUE,reported,NA,NA,NA,NA,NA,NA,NA,0.00204,8.54e-7,alccliu,TRUE,reported,6GFv2D,2,TRUE,NA,5.719593941006779e-4,1,TRUE
rs2851293,T,C,T,C,0.0172,-0.0226,0.881,0.13090000000000002,FALSE,FALSE,FALSE,AtLyET,0.024,0.345,load,TRUE,reported,NA,NA,NA,NA,NA,NA,NA,0.00302,9.14e-9,alccliu,TRUE,reported,6GFv2D,2,TRUE,NA,4.079529094464486e-4,1,TRUE
rs2851485,C,T,C,T,0.0125,0.0054,0.721,0.7331,FALSE,FALSE,FALSE,AtLyET,0.0175,0.7593,load,TRUE,reported,NA,NA,NA,NA,NA,NA,NA,0.00215,5.57e-9,alccliu,TRUE,reported,6GFv2D,2,TRUE,NA,5.213748626885052e-5,1,TRUE
rs28597806,G,A,G,A,0.00974,0.0079,0.38,0.6312,FALSE,FALSE,FALSE,AtLyET,0.0161,0.6242,load,TRUE,reported,NA,NA,NA,NA,NA,NA,NA,0.00195,3.93e-7,alccliu,TRUE,reported,6GFv2D,2,TRUE,NA,8.690425820729889e-5,1,TRUE
rs28601761,G,C,G,C,0.0116,0.0038,0.405,0.4225,FALSE,TRUE,TRUE,AtLyET,0.0165,0.8193,load,TRUE,reported,NA,NA,NA,NA,NA,NA,NA,0.00201,7.6e-9,alccliu,TRUE,reported,6GFv2D,2,FALSE,NA,3.0083264714767406e-5,1,TRUE
rs28616142,T,C,T,C,0.0106,-0.0059,0.402,0.4164,FALSE,FALSE,FALSE,AtLyET,0.0157,0.7078,load,TRUE,reported,NA,NA,NA,NA,NA,NA,NA,0.002,1.37e-7,alccliu,TRUE,reported,6GFv2D,2,TRUE,NA,1.927473858395436e-5,1,TRUE
rs28680958,A,G,A,G,-0.0136,-0.03,0.23,0.2268,FALSE,FALSE,FALSE,AtLyET,0.0185,0.1051,load,TRUE,reported,NA,NA,NA,NA,NA,NA,NA,0.00237,9.78e-9,alccliu,TRUE,reported,6GFv2D,2,TRUE,NA,0.001028467646595362,1,TRUE
rs28694391,C,T,C,T,-0.0133,0.0061,0.804,0.8235,FALSE,FALSE,FALSE,AtLyET,0.0205,0.7652,load,TRUE,reported,NA,NA,NA,NA,NA,NA,NA,0.00251,1.12e-7,alccliu,TRUE,reported,6GFv2D,2,TRUE,NA,1.7646707230574787e-5,1,TRUE
rs28712821,A,G,A,G,0.0284,0.0326,0.594,0.41869999999999996,FALSE,FALSE,FALSE,AtLyET,0.0163,0.04505,load,TRUE,reported,NA,NA,NA,NA,NA,NA,NA,0.00199,1.1e-46,alccliu,TRUE,reported,6GFv2D,2,TRUE,NA,0.001401670032480154,1,TRUE
rs28732378,G,A,G,A,-0.0163,0.0243,0.729,0.7277,FALSE,FALSE,FALSE,AtLyET,0.0175,0.1633,load,TRUE,reported,NA,NA,NA,NA,NA,NA,NA,0.00217,2.24e-14,alccliu,TRUE,reported,6GFv2D,2,TRUE,NA,4.877817952920775e-4,1,TRUE
rs28929474,T,C,T,C,-0.0477,-0.0596,0.0154,0.0176,FALSE,FALSE,FALSE,AtLyET,0.1177,0.6125,load,TRUE,reported,NA,NA,NA,NA,NA,NA,NA,0.00719,2.39e-11,alccliu,TRUE,reported,6GFv2D,2,TRUE,NA,0.00442579220453903,1,TRUE
rs3098808,A,G,A,G,0.0177,-0.0561,0.939,0.07020000000000004,FALSE,FALSE,FALSE,AtLyET,0.0303,0.06366,load,TRUE,reported,NA,NA,NA,NA,NA,NA,NA,0.00387,3.73e-6,alccliu,TRUE,reported,6GFv2D,2,TRUE,NA,0.0028814349469966204,1,TRUE
rs331939,A,G,A,G,-0.0118,-0.0077,0.339,0.3485,FALSE,FALSE,FALSE,AtLyET,0.0168,0.6453,load,TRUE,reported,NA,NA,NA,NA,NA,NA,NA,0.00202,4.5e-9,alccliu,TRUE,reported,6GFv2D,2,TRUE,NA,8.885886924657094e-5,1,TRUE
rs333437,C,G,C,G,-0.00994,0.0012,0.289,0.2786,FALSE,TRUE,FALSE,AtLyET,0.0172,0.945,load,TRUE,reported,NA,NA,NA,NA,NA,NA,NA,0.00217,4.64e-6,alccliu,TRUE,reported,6GFv2D,2,TRUE,NA,5.231713569492449e-8,1,TRUE
rs34121753,G,A,G,A,0.0112,-0.0103,0.532,0.5772999999999999,FALSE,FALSE,FALSE,AtLyET,0.0165,0.5312,load,TRUE,reported,NA,NA,NA,NA,NA,NA,NA,0.00199,1.39e-8,alccliu,TRUE,reported,6GFv2D,2,TRUE,NA,7.599542976129073e-5,1,TRUE
rs34704785,T,C,T,C,-0.0114,-0.0069,0.412,0.47,FALSE,FALSE,FALSE,AtLyET,0.0155,0.657,load,TRUE,reported,TRUE,rs34704785,rs12871346,C,T,C,T,0.00214,4.52e-8,alccliu,TRUE,reported,6GFv2D,2,TRUE,NA,7.342644316118522e-5,1,TRUE
rs34958196,A,G,A,G,0.0156,0.0281,0.129,0.881,FALSE,FALSE,FALSE,AtLyET,0.0258,0.2767,load,TRUE,reported,TRUE,rs34958196,rs34430945,A,G,C,T,0.00302,2.86e-7,alccliu,TRUE,reported,6GFv2D,2,TRUE,NA,9.25112402272368e-4,1,TRUE
rs35011311,T,G,T,G,-0.0111,0.0196,0.255,0.2457,FALSE,FALSE,FALSE,AtLyET,0.0247,0.4283,load,TRUE,reported,NA,NA,NA,NA,NA,NA,NA,0.00232,1.44e-6,alccliu,TRUE,reported,6GFv2D,2,TRUE,NA,3.250592214291988e-4,1,TRUE
rs35247189,A,C,A,C,-0.0107,-0.003,0.22,0.2232,FALSE,FALSE,FALSE,AtLyET,0.0202,0.8825,load,TRUE,reported,NA,NA,NA,NA,NA,NA,NA,0.00232,4.55e-6,alccliu,TRUE,reported,6GFv2D,2,TRUE,NA,2.0665474488041302e-5,1,TRUE
rs35676314,A,G,A,G,-0.016,-0.0496,0.158,0.1848,FALSE,FALSE,FALSE,AtLyET,0.026,0.05645,load,TRUE,reported,NA,NA,NA,NA,NA,NA,NA,0.00262,5.48e-10,alccliu,TRUE,reported,6GFv2D,2,TRUE,NA,0.002707162706131814,1,TRUE
rs35807116,T,C,T,C,0.0102,0.0124,0.562,0.4085,FALSE,FALSE,FALSE,AtLyET,0.0158,0.4329,load,TRUE,reported,NA,NA,NA,NA,NA,NA,NA,0.00198,1.85e-7,alccliu,TRUE,reported,6GFv2D,2,TRUE,NA,1.933278310393183e-4,1,TRUE
rs35895680,A,C,A,C,0.0105,-0.0253,0.304,0.3091,FALSE,FALSE,FALSE,AtLyET,0.0178,0.1547,load,TRUE,reported,NA,NA,NA,NA,NA,NA,NA,0.00212,7.32e-7,alccliu,TRUE,reported,6GFv2D,2,TRUE,NA,5.686640238060961e-4,1,TRUE
rs3803800,G,A,G,A,0.0127,0.0247,0.772,0.7979,FALSE,FALSE,FALSE,AtLyET,0.0195,0.2047,load,TRUE,reported,NA,NA,NA,NA,NA,NA,NA,0.0024,1.24e-7,alccliu,TRUE,reported,6GFv2D,2,TRUE,NA,7.075633567370718e-4,1,TRUE
rs3809162,G,A,G,A,0.00998,-0.0375,0.414,0.6041,FALSE,FALSE,FALSE,AtLyET,0.016,0.01918,load,TRUE,reported,NA,NA,NA,NA,NA,NA,NA,0.00199,4.61e-7,alccliu,TRUE,reported,6GFv2D,2,TRUE,NA,0.0013075378421826512,1,TRUE
rs3814877,T,G,T,G,-0.0113,-0.0501,0.381,0.3878,FALSE,FALSE,FALSE,AtLyET,0.0161,0.0018,load,TRUE,reported,NA,NA,NA,NA,NA,NA,NA,0.00198,1.07e-8,alccliu,TRUE,reported,6GFv2D,2,TRUE,NA,0.002693006075823422,0.4935,TRUE
rs3990965,G,A,G,A,0.0111,-0.0106,0.78,0.7524,FALSE,FALSE,FALSE,AtLyET,0.0193,0.5831,load,TRUE,reported,NA,NA,NA,NA,NA,NA,NA,0.00236,2.44e-6,alccliu,TRUE,reported,6GFv2D,2,TRUE,NA,8.14510426495525e-5,1,TRUE
rs4309187,C,A,C,A,0.0149,-0.0019,0.697,0.6759999999999999,FALSE,FALSE,FALSE,AtLyET,0.0167,0.9104,load,TRUE,reported,NA,NA,NA,NA,NA,NA,NA,0.0021,1.37e-12,alccliu,TRUE,reported,6GFv2D,2,TRUE,NA,5.8650656978258054e-8,1,TRUE
rs4369456,C,A,C,A,-0.0107,-0.0316,0.26,0.7356,FALSE,FALSE,FALSE,AtLyET,0.0174,0.07003,load,TRUE,reported,NA,NA,NA,NA,NA,NA,NA,0.00219,1.15e-6,alccliu,TRUE,reported,6GFv2D,2,TRUE,NA,0.0011036503625128811,1,TRUE
rs4380889,A,G,A,G,-0.00999,0.0217,0.422,0.4195,FALSE,FALSE,FALSE,AtLyET,0.016,0.1753,load,TRUE,reported,NA,NA,NA,NA,NA,NA,NA,0.00194,2.46e-7,alccliu,TRUE,reported,6GFv2D,2,TRUE,NA,4.127983496702327e-4,1,TRUE
rs441413,G,T,G,T,-0.021,0.0156,0.0757,0.9284,FALSE,FALSE,FALSE,AtLyET,0.0299,0.6005,load,TRUE,reported,NA,NA,NA,NA,NA,NA,NA,0.00401,1.56e-7,alccliu,TRUE,reported,6GFv2D,2,TRUE,NA,1.5936993340503512e-4,1,TRUE
rs4451951,C,T,C,T,-0.0134,-0.0203,0.385,0.6215,FALSE,FALSE,FALSE,AtLyET,0.0165,0.2196,load,TRUE,reported,NA,NA,NA,NA,NA,NA,NA,0.00196,8.81e-12,alccliu,TRUE,reported,6GFv2D,2,TRUE,NA,4.983428998024231e-4,1,TRUE
rs4481304,A,G,A,G,-0.00914,-0.0123,0.437,0.4394,FALSE,FALSE,FALSE,AtLyET,0.0158,0.435,load,TRUE,reported,NA,NA,NA,NA,NA,NA,NA,0.00195,2.37e-6,alccliu,TRUE,reported,6GFv2D,2,TRUE,NA,1.8615146115906928e-4,1,TRUE
rs4500754,A,G,A,G,-0.015,-0.0687,0.105,0.1008,FALSE,FALSE,FALSE,AtLyET,0.0285,0.01591,load,TRUE,reported,NA,NA,NA,NA,NA,NA,NA,0.00299,5.78e-7,alccliu,TRUE,reported,6GFv2D,2,TRUE,NA,0.005039076213019003,1,TRUE
rs4501371,A,T,A,T,-0.0103,0.0087,0.521,0.5354,FALSE,TRUE,TRUE,AtLyET,0.016,0.5882,load,TRUE,reported,NA,NA,NA,NA,NA,NA,NA,0.00195,1.2e-7,alccliu,TRUE,reported,6GFv2D,2,FALSE,NA,5.241863446807331e-5,1,TRUE
rs4646457,C,A,C,A,-0.0179,0.0061,0.108,0.9255,FALSE,FALSE,FALSE,AtLyET,0.0296,0.8363,load,TRUE,reported,NA,NA,NA,NA,NA,NA,NA,0.00362,1.24e-6,alccliu,TRUE,reported,6GFv2D,2,TRUE,NA,1.2508132181315572e-5,1,TRUE
rs4664531,C,T,C,T,-0.0102,-0.036,0.278,0.7252,FALSE,FALSE,FALSE,AtLyET,0.0178,0.0429,load,TRUE,reported,NA,NA,NA,NA,NA,NA,NA,0.00217,2.99e-6,alccliu,TRUE,reported,6GFv2D,2,TRUE,NA,0.0014098399396755238,1,TRUE
rs4671050,T,G,T,G,0.012,-0.0088,0.335,0.3295,FALSE,FALSE,FALSE,AtLyET,0.0169,0.6027,load,TRUE,reported,NA,NA,NA,NA,NA,NA,NA,0.00208,6.85e-9,alccliu,TRUE,reported,6GFv2D,2,TRUE,NA,5.0405348242777716e-5,1,TRUE
rs4743005,A,G,A,G,-0.0128,0.0141,0.184,0.1789,FALSE,FALSE,FALSE,AtLyET,0.0204,0.488,load,TRUE,reported,NA,NA,NA,NA,NA,NA,NA,0.00248,1.94e-7,alccliu,TRUE,reported,6GFv2D,2,TRUE,NA,1.5112111212537717e-4,1,TRUE
rs4752999,T,C,T,C,-0.0145,-0.0726,0.321,0.3179,FALSE,FALSE,FALSE,AtLyET,0.0165,1.156e-5,load,TRUE,reported,NA,NA,NA,NA,NA,NA,NA,0.00207,2.03e-12,alccliu,TRUE,reported,6GFv2D,2,TRUE,NA,0.005635535234427501,<0.0235,FALSE
rs4756121,C,G,C,G,0.0117,-0.0173,0.665,0.6801,FALSE,TRUE,FALSE,AtLyET,0.0166,0.2975,load,TRUE,reported,NA,NA,NA,NA,NA,NA,NA,0.00217,9.77e-8,alccliu,TRUE,reported,6GFv2D,2,TRUE,NA,2.455750242617046e-4,1,TRUE
rs4772260,C,T,C,T,0.00926,0.0222,0.428,0.5873,FALSE,FALSE,FALSE,AtLyET,0.0161,0.1686,load,TRUE,reported,NA,NA,NA,NA,NA,NA,NA,0.002,3.27e-6,alccliu,TRUE,reported,6GFv2D,2,TRUE,NA,5.561371936605498e-4,1,TRUE
rs4836992,C,G,C,G,0.0101,0.0017,0.487,0.4941,FALSE,TRUE,TRUE,AtLyET,0.016,0.9137,load,TRUE,reported,NA,NA,NA,NA,NA,NA,NA,0.00197,2.32e-7,alccliu,TRUE,reported,6GFv2D,2,FALSE,NA,9.983128876435822e-6,1,TRUE
rs4916723,C,A,C,A,-0.0115,0.0038,0.404,0.3698,FALSE,FALSE,FALSE,AtLyET,0.016,0.8148,load,TRUE,reported,TRUE,rs4916723,rs56022653,C,A,C,G,0.00199,8.07e-9,alccliu,TRUE,reported,6GFv2D,2,TRUE,NA,4.6442864467984725e-6,1,TRUE
rs500321,T,A,T,A,-0.0102,4e-4,0.729,0.7355,FALSE,TRUE,FALSE,AtLyET,0.0176,0.9836,load,TRUE,reported,TRUE,rs500321,rs647163,A,T,C,T,0.00218,2.95e-6,alccliu,TRUE,reported,6GFv2D,2,TRUE,NA,1.1405614921609073e-6,1,TRUE
rs528301,A,G,A,G,0.0156,-0.0131,0.605,0.43620000000000003,FALSE,FALSE,FALSE,AtLyET,0.0162,0.4197,load,TRUE,reported,NA,NA,NA,NA,NA,NA,NA,0.00195,1.25e-15,alccliu,TRUE,reported,6GFv2D,2,TRUE,NA,1.1938017948472093e-4,1,TRUE
rs538628,C,G,C,G,-0.0194,0.0484,0.191,0.20820000000000005,FALSE,TRUE,FALSE,AtLyET,0.019,0.01075,load,TRUE,reported,TRUE,rs538628,rs169201,C,G,G,A,0.00243,2.72e-15,alccliu,TRUE,reported,6GFv2D,2,TRUE,NA,0.002109749409564711,1,TRUE
rs55733752,A,G,A,G,-0.0178,-0.025,0.0971,0.101,FALSE,FALSE,FALSE,AtLyET,0.0252,0.3214,load,TRUE,reported,NA,NA,NA,NA,NA,NA,NA,0.00336,1.39e-7,alccliu,TRUE,reported,6GFv2D,2,TRUE,NA,7.645010985576811e-4,1,TRUE
rs55786063,T,G,T,G,-0.00946,-0.015,0.469,0.4836,FALSE,FALSE,FALSE,AtLyET,0.0155,0.3351,load,TRUE,reported,NA,NA,NA,NA,NA,NA,NA,0.00196,1.35e-6,alccliu,TRUE,reported,6GFv2D,2,TRUE,NA,2.689602513812909e-4,1,TRUE
rs55863153,C,A,C,A,0.0285,-0.0806,0.0202,0.9789,FALSE,FALSE,FALSE,AtLyET,0.0673,0.2312,load,TRUE,reported,NA,NA,NA,NA,NA,NA,NA,0.00597,1.23e-6,alccliu,TRUE,reported,6GFv2D,2,TRUE,NA,0.00586704634432865,1,TRUE
rs55872084,T,G,T,G,0.0129,0.018,0.218,0.2313,FALSE,FALSE,FALSE,AtLyET,0.0182,0.3232,load,TRUE,reported,NA,NA,NA,NA,NA,NA,NA,0.00228,1.98e-8,alccliu,TRUE,reported,6GFv2D,2,TRUE,NA,3.96818030760359e-4,1,TRUE
rs55932213,G,A,G,A,0.0129,-0.0017,0.701,0.7187,FALSE,FALSE,FALSE,AtLyET,0.0191,0.9289,load,TRUE,reported,NA,NA,NA,NA,NA,NA,NA,0.0023,1.8e-8,alccliu,TRUE,reported,6GFv2D,2,TRUE,NA,2.371392678787062e-8,1,TRUE
rs56220387,G,A,G,A,-0.0175,-0.0369,0.172,0.1868,FALSE,FALSE,FALSE,AtLyET,0.0205,0.07206,load,TRUE,reported,TRUE,rs56220387,rs62064654,G,A,T,C,0.00253,3.2e-12,alccliu,TRUE,reported,6GFv2D,2,TRUE,NA,0.0015687171521321108,1,TRUE
rs56286210,T,G,T,G,-0.0196,9e-4,0.047,0.0494,FALSE,FALSE,FALSE,AtLyET,0.0375,0.9806,load,TRUE,reported,NA,NA,NA,NA,NA,NA,NA,0.00418,2.07e-6,alccliu,TRUE,reported,6GFv2D,2,TRUE,NA,3.68527391893925e-6,1,TRUE
rs56337305,C,T,C,T,-0.0102,0.0143,0.375,0.6268,FALSE,FALSE,FALSE,AtLyET,0.0162,0.3794,load,TRUE,reported,NA,NA,NA,NA,NA,NA,NA,0.00201,3.84e-7,alccliu,TRUE,reported,6GFv2D,2,TRUE,NA,1.655972009247994e-4,1,TRUE
rs58107686,A,C,A,C,-0.0113,-0.0064,0.344,0.3349,FALSE,FALSE,FALSE,AtLyET,0.0163,0.6928,load,TRUE,reported,NA,NA,NA,NA,NA,NA,NA,0.00214,1.06e-7,alccliu,TRUE,reported,6GFv2D,2,TRUE,NA,6.479347710766504e-5,1,TRUE
rs60654199,A,C,A,C,-0.0206,0.0257,0.067,0.0499,FALSE,FALSE,FALSE,AtLyET,0.0328,0.4329,load,TRUE,reported,NA,NA,NA,NA,NA,NA,NA,0.00401,2.75e-7,alccliu,TRUE,reported,6GFv2D,2,TRUE,NA,5.19844948417954e-4,1,TRUE
rs60815182,G,A,G,A,-0.0122,0.024,0.193,0.7916,FALSE,FALSE,FALSE,AtLyET,0.0231,0.2985,load,TRUE,reported,NA,NA,NA,NA,NA,NA,NA,0.00259,1.22e-6,alccliu,TRUE,reported,6GFv2D,2,TRUE,NA,4.967786304153149e-4,1,TRUE
rs60816887,T,C,T,C,0.0117,9e-4,0.197,0.189,FALSE,FALSE,FALSE,AtLyET,0.0198,0.9627,load,TRUE,reported,NA,NA,NA,NA,NA,NA,NA,0.00255,4.71e-6,alccliu,TRUE,reported,6GFv2D,2,TRUE,NA,6.6932446819941485e-6,1,TRUE
rs6106989,A,G,A,G,0.0113,-0.0274,0.628,0.38180000000000003,FALSE,FALSE,FALSE,AtLyET,0.0164,0.0946,load,TRUE,reported,NA,NA,NA,NA,NA,NA,NA,0.00204,3.81e-8,alccliu,TRUE,reported,6GFv2D,2,TRUE,NA,6.686502820616317e-4,1,TRUE
rs61873510,T,G,T,G,-0.0113,-0.0464,0.314,0.3304,FALSE,FALSE,FALSE,AtLyET,0.0195,0.01718,load,TRUE,reported,NA,NA,NA,NA,NA,NA,NA,0.00215,8.83e-8,alccliu,TRUE,reported,6GFv2D,2,TRUE,NA,0.0023166376581043487,1,TRUE
rs61934664,A,G,A,G,-0.0104,-0.0048,0.476,0.502,FALSE,FALSE,FALSE,AtLyET,0.0154,0.7532,load,TRUE,reported,NA,NA,NA,NA,NA,NA,NA,0.00194,6.94e-8,alccliu,TRUE,reported,6GFv2D,2,TRUE,NA,3.986059137092272e-5,1,TRUE
rs62044525,G,C,G,C,-0.0126,-0.0294,0.172,0.1824,FALSE,TRUE,FALSE,AtLyET,0.0201,0.1436,load,TRUE,reported,NA,NA,NA,NA,NA,NA,NA,0.0025,4.97e-7,alccliu,TRUE,reported,6GFv2D,2,TRUE,NA,9.792179508799359e-4,1,TRUE
rs62055691,C,T,C,T,-0.0205,-0.0622,0.206,NA,FALSE,FALSE,FALSE,AtLyET,0.0228,0.006419,load,TRUE,reported,TRUE,rs62055691,rs373853,C,T,A,G,0.00238,6.68e-18,alccliu,TRUE,reported,6GFv2D,2,TRUE,NA,0.0042900915511727075,1,TRUE
rs62140396,A,G,A,G,-0.0152,0.0093,0.106,0.1203,FALSE,FALSE,FALSE,AtLyET,0.0236,0.6931,load,TRUE,reported,NA,NA,NA,NA,NA,NA,NA,0.0031,8.84e-7,alccliu,TRUE,reported,6GFv2D,2,TRUE,NA,5.091893532104924e-5,1,TRUE
rs6573197,T,C,T,C,-0.0123,-0.036,0.726,0.27370000000000005,FALSE,FALSE,FALSE,AtLyET,0.0177,0.04208,load,TRUE,reported,NA,NA,NA,NA,NA,NA,NA,0.00214,9.3e-9,alccliu,TRUE,reported,6GFv2D,2,TRUE,NA,0.0014356055153170182,1,TRUE
rs6675528,G,A,G,A,-0.0105,0.0153,0.288,0.7243,FALSE,FALSE,FALSE,AtLyET,0.0184,0.4057,load,TRUE,reported,NA,NA,NA,NA,NA,NA,NA,0.00217,1.04e-6,alccliu,TRUE,reported,6GFv2D,2,TRUE,NA,1.9102957923040952e-4,1,TRUE
rs6739804,C,T,C,T,-0.0129,0.0104,0.66,0.6577,FALSE,FALSE,FALSE,AtLyET,0.0169,0.5375,load,TRUE,reported,NA,NA,NA,NA,NA,NA,NA,0.00208,4.72e-10,alccliu,TRUE,reported,6GFv2D,2,TRUE,NA,7.361343021898792e-5,1,TRUE
rs6787172,G,T,G,T,-0.0106,0.0102,0.546,0.5521,FALSE,FALSE,FALSE,AtLyET,0.0156,0.5127,load,TRUE,reported,NA,NA,NA,NA,NA,NA,NA,0.00194,5.49e-8,alccliu,TRUE,reported,6GFv2D,2,TRUE,NA,7.575542100571745e-5,1,TRUE
rs6809836,A,G,A,G,-0.0105,-0.0055,0.294,0.2951,FALSE,FALSE,FALSE,AtLyET,0.0167,0.7416,load,TRUE,reported,NA,NA,NA,NA,NA,NA,NA,0.00213,8.64e-7,alccliu,TRUE,reported,6GFv2D,2,TRUE,NA,4.938177122900218e-5,1,TRUE
rs682011,C,T,C,T,0.011,-0.0048,0.567,0.54990000000000006,FALSE,FALSE,FALSE,AtLyET,0.0163,0.7658,load,TRUE,reported,NA,NA,NA,NA,NA,NA,NA,0.00194,1.53e-8,alccliu,TRUE,reported,6GFv2D,2,TRUE,NA,1.042829402053429e-5,1,TRUE
rs6835022,T,A,T,A,0.014,-0.0064,0.187,0.17769999999999997,FALSE,TRUE,FALSE,AtLyET,0.0215,0.7665,load,TRUE,reported,NA,NA,NA,NA,NA,NA,NA,0.00246,1.01e-8,alccliu,TRUE,reported,6GFv2D,2,TRUE,NA,1.9367677191537007e-5,1,TRUE
rs6951574,C,T,C,T,0.0135,0.0189,0.459,0.5913,FALSE,FALSE,FALSE,AtLyET,0.0242,0.4335,load,TRUE,reported,TRUE,rs6951574,rs60009449,C,T,C,T,0.00205,4.44e-11,alccliu,TRUE,reported,6GFv2D,2,TRUE,NA,4.361035508248639e-4,1,TRUE
rs6962879,G,C,G,C,0.0097,0.0154,0.599,0.5956,FALSE,TRUE,FALSE,AtLyET,0.0188,0.4132,load,TRUE,reported,NA,NA,NA,NA,NA,NA,NA,0.00199,1.19e-6,alccliu,TRUE,reported,6GFv2D,2,TRUE,NA,2.830340363046896e-4,1,TRUE
rs6982152,C,T,C,T,0.0107,0.0131,0.768,0.7668,FALSE,FALSE,FALSE,AtLyET,0.0182,0.4707,load,TRUE,reported,NA,NA,NA,NA,NA,NA,NA,0.00229,3.38e-6,alccliu,TRUE,reported,6GFv2D,2,TRUE,NA,2.1524561534357514e-4,1,TRUE
rs699927,G,T,G,T,0.00962,0.0026,0.438,0.5786,FALSE,FALSE,FALSE,AtLyET,0.0156,0.8664,load,TRUE,reported,NA,NA,NA,NA,NA,NA,NA,0.00195,1.1e-6,alccliu,TRUE,reported,6GFv2D,2,TRUE,NA,1.5939016337079243e-5,1,TRUE
rs7043551,C,T,C,T,0.0104,-0.0136,0.49,0.5503,FALSE,FALSE,FALSE,AtLyET,0.0162,0.4024,load,TRUE,reported,NA,NA,NA,NA,NA,NA,NA,0.00201,1.59e-7,alccliu,TRUE,reported,6GFv2D,2,TRUE,NA,1.4735685156833399e-4,1,TRUE
rs7106546,T,G,T,G,0.0132,-6e-4,0.755,0.24339999999999995,FALSE,FALSE,FALSE,AtLyET,0.018,0.9739,load,TRUE,reported,NA,NA,NA,NA,NA,NA,NA,0.00229,1.28e-8,alccliu,TRUE,reported,6GFv2D,2,TRUE,NA,1.6933783358609281e-6,1,TRUE
rs72825968,C,T,C,T,-0.0201,-0.001,0.0608,0.9252,FALSE,FALSE,FALSE,AtLyET,0.0332,0.9763,load,TRUE,reported,NA,NA,NA,NA,NA,NA,NA,0.00375,8.15e-8,alccliu,TRUE,reported,6GFv2D,2,TRUE,NA,1.5191138303615138e-5,1,TRUE
rs72859280,T,G,T,G,0.0243,-0.0229,0.0355,0.0289,FALSE,FALSE,FALSE,AtLyET,0.0498,0.645,load,TRUE,reported,NA,NA,NA,NA,NA,NA,NA,0.00541,3.64e-6,alccliu,TRUE,reported,6GFv2D,2,TRUE,NA,3.778885681087115e-4,1,TRUE
rs73004016,C,T,C,T,-0.0166,-0.0032,0.0989,0.9006,FALSE,FALSE,FALSE,AtLyET,0.0331,0.9234,load,TRUE,reported,NA,NA,NA,NA,NA,NA,NA,0.0033,4.7e-7,alccliu,TRUE,reported,6GFv2D,2,TRUE,NA,3.1298915335875954e-5,1,TRUE
rs73107969,A,G,A,G,0.0112,-0.0016,0.212,0.2284,FALSE,FALSE,FALSE,AtLyET,0.0208,0.94,load,TRUE,reported,NA,NA,NA,NA,NA,NA,NA,0.00239,2.71e-6,alccliu,TRUE,reported,6GFv2D,2,TRUE,NA,8.611166635420739e-11,1,TRUE
rs732770,A,G,A,G,0.00994,-0.0126,0.357,0.3248,FALSE,FALSE,FALSE,AtLyET,0.0166,0.4462,load,TRUE,reported,NA,NA,NA,NA,NA,NA,NA,0.00211,1.91e-6,alccliu,TRUE,reported,6GFv2D,2,TRUE,NA,1.2540794526126018e-4,1,TRUE
rs73562876,G,T,G,T,-0.0174,-0.0125,0.0801,0.9215,FALSE,FALSE,FALSE,AtLyET,0.0291,0.6677,load,TRUE,reported,NA,NA,NA,NA,NA,NA,NA,0.00343,2.68e-7,alccliu,TRUE,reported,6GFv2D,2,TRUE,NA,2.260803445602201e-4,1,TRUE
rs74375407,T,C,T,C,-0.033,-0.1139,0.0168,0.0197,FALSE,FALSE,FALSE,AtLyET,0.0564,0.04357,load,TRUE,reported,NA,NA,NA,NA,NA,NA,NA,0.00686,1.15e-6,alccliu,TRUE,reported,6GFv2D,2,TRUE,NA,0.014140343310622838,1,TRUE
rs74696461,A,G,A,G,0.0148,-0.0134,0.1,0.1045,FALSE,FALSE,FALSE,AtLyET,0.0278,0.6309,load,TRUE,reported,NA,NA,NA,NA,NA,NA,NA,0.00315,2.62e-6,alccliu,TRUE,reported,6GFv2D,2,TRUE,NA,1.275732496018091e-4,1,TRUE
rs74813718,G,C,G,C,-0.0194,-0.037,0.0572,0.06440000000000001,FALSE,TRUE,FALSE,AtLyET,0.044,0.4005,load,TRUE,reported,NA,NA,NA,NA,NA,NA,NA,0.00384,2.66e-7,alccliu,TRUE,reported,6GFv2D,2,TRUE,NA,0.0015871571775632107,1,TRUE
rs74980679,T,G,T,G,0.0152,-0.0457,0.144,0.1356,FALSE,FALSE,FALSE,AtLyET,0.0223,0.04029,load,TRUE,reported,NA,NA,NA,NA,NA,NA,NA,0.00278,5.78e-8,alccliu,TRUE,reported,6GFv2D,2,TRUE,NA,0.0019054363954659431,1,TRUE
rs7502556,C,T,C,T,0.0101,-0.0296,0.609,0.6193,FALSE,FALSE,FALSE,AtLyET,0.016,0.06438,load,TRUE,reported,NA,NA,NA,NA,NA,NA,NA,0.00199,4.84e-7,alccliu,TRUE,reported,6GFv2D,2,TRUE,NA,7.965842091720903e-4,1,TRUE
rs75120545,T,C,T,C,-0.036,0.203,0.022,0.0409,FALSE,FALSE,FALSE,AtLyET,0.0795,0.01064,load,TRUE,reported,NA,NA,NA,NA,NA,NA,NA,0.00627,7.59e-9,alccliu,TRUE,reported,6GFv2D,2,TRUE,NA,0.0392429688901889,1,TRUE
rs75750180,T,G,T,G,-0.0169,0.0261,0.0927,0.0916,FALSE,FALSE,FALSE,AtLyET,0.0334,0.4336,load,TRUE,reported,NA,NA,NA,NA,NA,NA,NA,0.00351,3.05e-6,alccliu,TRUE,reported,6GFv2D,2,TRUE,NA,5.622704123399019e-4,1,TRUE
rs7587577,T,C,T,C,0.0121,0.0253,0.224,0.2215,FALSE,FALSE,FALSE,AtLyET,0.0183,0.167,load,TRUE,reported,NA,NA,NA,NA,NA,NA,NA,0.00241,4.22e-7,alccliu,TRUE,reported,6GFv2D,2,TRUE,NA,7.353681887575322e-4,1,TRUE
rs75887271,G,A,G,A,0.0322,-0.0538,0.023,0.9862,FALSE,FALSE,FALSE,AtLyET,0.081,0.5062,load,TRUE,reported,NA,NA,NA,NA,NA,NA,NA,0.00671,2.46e-6,alccliu,TRUE,reported,6GFv2D,2,TRUE,NA,0.002423127397225818,1,TRUE
rs7618629,G,A,G,A,0.0107,-0.0201,0.772,0.7484,FALSE,FALSE,FALSE,AtLyET,0.0186,0.2796,load,TRUE,reported,NA,NA,NA,NA,NA,NA,NA,0.00226,1.86e-6,alccliu,TRUE,reported,6GFv2D,2,TRUE,NA,3.4609597109687374e-4,1,TRUE
rs7633256,G,T,G,T,0.0153,-0.0047,0.895,0.8979,FALSE,FALSE,FALSE,AtLyET,0.0265,0.8588,load,TRUE,reported,NA,NA,NA,NA,NA,NA,NA,0.00323,1.31e-6,alccliu,TRUE,reported,6GFv2D,2,TRUE,NA,6.286099310373599e-6,1,TRUE
rs7643091,A,G,A,G,0.0132,-0.0233,0.25,0.2569,FALSE,FALSE,FALSE,AtLyET,0.0181,0.1969,load,TRUE,reported,NA,NA,NA,NA,NA,NA,NA,0.00225,1.83e-9,alccliu,TRUE,reported,6GFv2D,2,TRUE,NA,4.613726367091695e-4,1,TRUE
rs7661710,G,A,G,A,0.00941,-0.036,0.487,0.5193,FALSE,FALSE,FALSE,AtLyET,0.016,0.02404,load,TRUE,reported,NA,NA,NA,NA,NA,NA,NA,0.00195,1.85e-6,alccliu,TRUE,reported,6GFv2D,2,TRUE,NA,0.0012060390694777913,1,TRUE
rs76640332,A,G,A,G,-0.0219,-0.0498,0.204,0.7743,FALSE,FALSE,FALSE,AtLyET,0.0199,0.01224,load,TRUE,reported,TRUE,rs76640332,rs112480703,A,G,C,T,0.0025,1.47e-18,alccliu,TRUE,reported,6GFv2D,2,TRUE,NA,0.0028492084980132138,1,TRUE
rs7698119,A,G,A,G,-0.00914,0.008,0.5,0.4817,FALSE,FALSE,FALSE,AtLyET,0.0158,0.6105,load,TRUE,reported,NA,NA,NA,NA,NA,NA,NA,0.00198,2.11e-6,alccliu,TRUE,reported,6GFv2D,2,TRUE,NA,4.4912644420802744e-5,1,TRUE
rs77081450,A,G,A,G,0.0198,-0.0218,0.0555,0.062,FALSE,FALSE,FALSE,AtLyET,0.0327,0.5048,load,TRUE,reported,NA,NA,NA,NA,NA,NA,NA,0.00394,5.04e-7,alccliu,TRUE,reported,6GFv2D,2,TRUE,NA,3.610582963418134e-4,1,TRUE
rs7712097,T,C,T,C,-0.0107,-0.002,0.599,0.4054,FALSE,FALSE,FALSE,AtLyET,0.0159,0.8996,load,TRUE,reported,NA,NA,NA,NA,NA,NA,NA,0.002,9.71e-8,alccliu,TRUE,reported,6GFv2D,2,TRUE,NA,1.2589296850980369e-5,1,TRUE
rs77232328,T,C,T,C,0.0216,0.0076,0.0527,0.0644,FALSE,FALSE,FALSE,AtLyET,0.0328,0.8165,load,TRUE,reported,NA,NA,NA,NA,NA,NA,NA,0.00399,7.42e-8,alccliu,TRUE,reported,6GFv2D,2,TRUE,NA,1.1523237738591745e-4,1,TRUE
rs77452859,A,G,A,G,-0.027,0.0513,0.0435,0.965,FALSE,FALSE,FALSE,AtLyET,0.0425,0.2273,load,TRUE,reported,TRUE,rs77452859,rs150946919,A,G,C,T,0.0053,4.05e-7,alccliu,TRUE,reported,6GFv2D,2,TRUE,NA,0.0022608657374082373,1,TRUE
rs78308288,T,C,T,C,0.013,-0.0152,0.176,0.1863,FALSE,FALSE,FALSE,AtLyET,0.0207,0.4644,load,TRUE,reported,NA,NA,NA,NA,NA,NA,NA,0.00259,6.04e-7,alccliu,TRUE,reported,6GFv2D,2,TRUE,NA,1.7868419813087753e-4,1,TRUE
rs7841406,T,G,T,G,0.0114,-0.0129,0.769,0.22840000000000005,FALSE,FALSE,FALSE,AtLyET,0.0194,0.5054,load,TRUE,reported,NA,NA,NA,NA,NA,NA,NA,0.00231,7.9e-7,alccliu,TRUE,reported,6GFv2D,2,TRUE,NA,1.2741908823234562e-4,1,TRUE
rs78668819,G,C,G,C,0.0179,0.0037,0.0782,0.08979999999999999,FALSE,TRUE,FALSE,AtLyET,0.0269,0.891,load,TRUE,reported,NA,NA,NA,NA,NA,NA,NA,0.00343,2.13e-7,alccliu,TRUE,reported,6GFv2D,2,TRUE,NA,3.9570745077054764e-5,1,TRUE
rs78876991,C,T,C,T,-0.0209,0.0098,0.0589,0.938,FALSE,FALSE,FALSE,AtLyET,0.0345,0.7771,load,TRUE,reported,NA,NA,NA,NA,NA,NA,NA,0.00412,3.3e-7,alccliu,TRUE,reported,6GFv2D,2,TRUE,NA,4.642631022448425e-5,1,TRUE
rs79072804,G,A,G,A,0.038,-0.0679,0.0128,0.9865,FALSE,FALSE,FALSE,AtLyET,0.0718,0.3447,load,TRUE,reported,NA,NA,NA,NA,NA,NA,NA,0.00818,3.4e-6,alccliu,TRUE,reported,6GFv2D,2,TRUE,NA,0.003913366719815398,1,TRUE
rs79373562,A,G,A,G,-0.0298,0.015,0.0235,0.0203,FALSE,FALSE,FALSE,AtLyET,0.0799,0.8507,load,TRUE,reported,NA,NA,NA,NA,NA,NA,NA,0.00597,6.01e-7,alccliu,TRUE,reported,6GFv2D,2,TRUE,NA,1.1509364655998482e-4,1,TRUE
rs79383569,A,G,A,G,-0.0301,-0.0214,0.0212,0.025,FALSE,FALSE,FALSE,AtLyET,0.0681,0.7537,load,TRUE,reported,TRUE,rs79383569,rs79016903,A,G,A,G,0.0064,4.29e-6,alccliu,TRUE,reported,6GFv2D,2,TRUE,NA,6.634984570095604e-4,1,TRUE
rs7940164,T,G,T,G,-0.0106,-0.0014,0.682,0.33109999999999995,FALSE,FALSE,FALSE,AtLyET,0.0175,0.9343,load,TRUE,reported,NA,NA,NA,NA,NA,NA,NA,0.00211,7.92e-7,alccliu,TRUE,reported,6GFv2D,2,TRUE,NA,8.586210911935095e-6,1,TRUE
rs79415988,T,C,T,C,0.0108,-0.039,0.261,0.239,FALSE,FALSE,FALSE,AtLyET,0.0258,0.1302,load,TRUE,reported,NA,NA,NA,NA,NA,NA,NA,0.00234,4.05e-6,alccliu,TRUE,reported,6GFv2D,2,TRUE,NA,0.0014056532643374794,1,TRUE
rs7950674,C,T,C,T,0.0128,0.0598,0.454,0.5296,FALSE,FALSE,FALSE,AtLyET,0.016,1.904e-4,load,TRUE,reported,NA,NA,NA,NA,NA,NA,NA,0.00194,2.81e-11,alccliu,TRUE,reported,6GFv2D,2,TRUE,NA,0.0038320401056541054,0.0705,TRUE
rs79616692,C,G,C,G,0.019,-0.0325,0.11,0.1094,FALSE,TRUE,FALSE,AtLyET,0.0263,0.2164,load,TRUE,reported,NA,NA,NA,NA,NA,NA,NA,0.00315,2.38e-9,alccliu,TRUE,reported,6GFv2D,2,TRUE,NA,8.924572791580532e-4,1,TRUE
rs7971859,G,A,G,A,-0.0105,-2e-4,0.547,0.5257000000000001,FALSE,FALSE,FALSE,AtLyET,0.017,0.9913,load,TRUE,reported,NA,NA,NA,NA,NA,NA,NA,0.00195,8.41e-8,alccliu,TRUE,reported,6GFv2D,2,TRUE,NA,2.9345155370030086e-6,1,TRUE
rs800578,C,T,C,T,0.0119,-0.0276,0.789,0.7795,FALSE,FALSE,FALSE,AtLyET,0.0193,0.1522,load,TRUE,reported,NA,NA,NA,NA,NA,NA,NA,0.00236,4.95e-7,alccliu,TRUE,reported,6GFv2D,2,TRUE,NA,6.73713582756963e-4,1,TRUE
rs8043048,G,A,G,A,0.00968,-0.0106,0.394,0.6003,FALSE,FALSE,FALSE,AtLyET,0.0156,0.4966,load,TRUE,reported,TRUE,rs8043048,rs6493521,G,A,G,A,0.0021,4.13e-6,alccliu,TRUE,reported,6GFv2D,2,TRUE,NA,8.524562299045828e-5,1,TRUE
rs823099,A,C,A,C,0.0103,-0.0039,0.417,0.429,FALSE,FALSE,FALSE,AtLyET,0.0157,0.8026,load,TRUE,reported,NA,NA,NA,NA,NA,NA,NA,0.00192,1.73e-7,alccliu,TRUE,reported,6GFv2D,2,TRUE,NA,5.890441357706948e-6,1,TRUE
rs828867,A,G,A,G,0.01,0.0105,0.544,0.46509999999999996,FALSE,FALSE,FALSE,AtLyET,0.0158,0.5085,load,TRUE,reported,NA,NA,NA,NA,NA,NA,NA,0.002,5.96e-7,alccliu,TRUE,reported,6GFv2D,2,TRUE,NA,1.4325283073881174e-4,1,TRUE
rs829154,T,C,T,C,-0.00975,-0.0134,0.508,0.4938,FALSE,FALSE,FALSE,AtLyET,0.022,0.5429,load,TRUE,reported,NA,NA,NA,NA,NA,NA,NA,0.00214,4.1e-6,alccliu,TRUE,reported,6GFv2D,2,TRUE,NA,2.1964247674670384e-4,1,TRUE
rs838145,A,G,A,G,-0.0161,-0.0293,0.584,0.4212,FALSE,FALSE,FALSE,AtLyET,0.016,0.06791,load,TRUE,reported,NA,NA,NA,NA,NA,NA,NA,0.00198,3.87e-16,alccliu,TRUE,reported,6GFv2D,2,TRUE,NA,0.0010130421387604107,1,TRUE
rs911475,T,C,T,C,-0.0129,-0.0064,0.153,0.1604,FALSE,FALSE,FALSE,AtLyET,0.0222,0.7721,load,TRUE,reported,NA,NA,NA,NA,NA,NA,NA,0.00268,1.47e-6,alccliu,TRUE,reported,6GFv2D,2,TRUE,NA,6.84286209164689e-5,1,TRUE
rs9297173,T,A,T,A,0.00887,-0.0231,0.5,0.5115000000000001,FALSE,TRUE,TRUE,AtLyET,0.0156,0.1386,load,TRUE,reported,NA,NA,NA,NA,NA,NA,NA,0.00193,4.82e-6,alccliu,TRUE,reported,6GFv2D,2,FALSE,NA,4.784149789669632e-4,1,TRUE
rs9349379,G,A,G,A,0.00925,-0.0077,0.399,0.6025,FALSE,FALSE,FALSE,AtLyET,0.0162,0.6367,load,TRUE,reported,NA,NA,NA,NA,NA,NA,NA,0.002,4.9e-6,alccliu,TRUE,reported,6GFv2D,2,TRUE,NA,4.07657994026657e-5,1,TRUE
rs943724,A,G,A,G,0.0107,0.0105,0.751,0.24260000000000004,FALSE,FALSE,FALSE,AtLyET,0.0183,0.5646,load,TRUE,reported,NA,NA,NA,NA,NA,NA,NA,0.00227,2.36e-6,alccliu,TRUE,reported,6GFv2D,2,TRUE,NA,1.455627283211001e-4,1,TRUE
rs9607814,A,C,A,C,-0.0131,0.0189,0.212,0.2011,FALSE,FALSE,FALSE,AtLyET,0.0193,0.3281,load,TRUE,reported,NA,NA,NA,NA,NA,NA,NA,0.00255,3.16e-7,alccliu,TRUE,reported,6GFv2D,2,TRUE,NA,2.9139196779728307e-4,1,TRUE
rs9806050,G,A,G,A,-0.0151,-0.0085,0.139,0.8591,FALSE,FALSE,FALSE,AtLyET,0.0223,0.7014,load,TRUE,reported,NA,NA,NA,NA,NA,NA,NA,0.00284,1.06e-7,alccliu,TRUE,reported,6GFv2D,2,TRUE,NA,1.1454067772750138e-4,1,TRUE
rs9809760,C,T,C,T,0.00925,-0.0254,0.47,0.5306,FALSE,FALSE,FALSE,AtLyET,0.0161,0.1164,load,TRUE,reported,NA,NA,NA,NA,NA,NA,NA,0.00195,2.01e-6,alccliu,TRUE,reported,6GFv2D,2,TRUE,NA,5.819697423180525e-4,1,TRUE
