SNP,effect_allele.exposure,other_allele.exposure,effect_allele.outcome,other_allele.outcome,beta.exposure,beta.outcome,eaf.exposure,eaf.outcome,remove,palindromic,ambiguous,id.outcome,se.outcome,pval.outcome,outcome,mr_keep.outcome,pval_origin.outcome,se.exposure,pval.exposure,exposure,mr_keep.exposure,pval_origin.exposure,id.exposure,action,mr_keep,samplesize.outcome
rs10006235,C,T,C,T,0.00928,0.002091,0.7177,0.723375,FALSE,FALSE,FALSE,7rgHSI,0.004647,0.6528,ab42,TRUE,reported,0.00158,4.48e-9,educ,TRUE,reported,K5Q3Oh,2,TRUE,NA
rs10009513,G,A,G,A,-0.00884,-0.002091,0.5459,0.540561,FALSE,FALSE,FALSE,7rgHSI,0.004059,0.6066,ab42,TRUE,reported,0.0014,3.02e-10,educ,TRUE,reported,K5Q3Oh,2,TRUE,NA
rs10015378,C,T,C,T,-0.01052,0.005329,0.8793,0.884093,FALSE,FALSE,FALSE,7rgHSI,0.00626,0.3946,ab42,TRUE,reported,0.00229,4.52e-6,educ,TRUE,reported,K5Q3Oh,2,TRUE,NA
rs10019169,T,A,T,A,-0.02499,0.01738,0.96939,0.973822,FALSE,TRUE,FALSE,7rgHSI,0.01269,0.171,ab42,TRUE,reported,0.00462,6.25e-8,educ,TRUE,reported,K5Q3Oh,2,TRUE,NA
rs10021733,C,T,C,T,0.0164,-0.00795,0.8112,0.140915,FALSE,FALSE,FALSE,7rgHSI,0.00597,0.1831,ab42,TRUE,reported,0.00268,9.45e-10,educ,TRUE,reported,K5Q3Oh,2,TRUE,NA
rs10022637,C,T,C,T,0.00906,0.008641,0.1565,0.161087,FALSE,FALSE,FALSE,7rgHSI,0.005704,0.1299,ab42,TRUE,reported,0.00192,2.4e-6,educ,TRUE,reported,K5Q3Oh,2,TRUE,NA
rs10029476,A,G,A,G,0.00833,0.0018,0.7109,0.7150909999999999,FALSE,FALSE,FALSE,7rgHSI,0.004487,0.6883,ab42,TRUE,reported,0.00153,5.31e-8,educ,TRUE,reported,K5Q3Oh,2,TRUE,NA
rs10029499,G,A,G,A,0.00835,0.001868,0.2415,0.226455,FALSE,FALSE,FALSE,7rgHSI,0.005043,0.711,ab42,TRUE,reported,0.00175,1.75e-6,educ,TRUE,reported,K5Q3Oh,2,TRUE,NA
rs10032941,T,C,T,C,-0.00804,-7.865e-4,0.6412,0.647351,FALSE,FALSE,FALSE,7rgHSI,0.004265,0.8537,ab42,TRUE,reported,0.00146,3.42e-8,educ,TRUE,reported,K5Q3Oh,2,TRUE,NA
rs10041403,C,T,C,T,-0.01511,-0.004187,0.1803,0.166107,FALSE,FALSE,FALSE,7rgHSI,0.00566,0.4595,ab42,TRUE,reported,0.0019,1.55e-15,educ,TRUE,reported,K5Q3Oh,2,TRUE,NA
rs10044730,A,G,A,G,0.00703,-0.00278,0.4303,0.368201,FALSE,FALSE,FALSE,7rgHSI,0.004219,0.5101,ab42,TRUE,reported,0.00145,1.26e-6,educ,TRUE,reported,K5Q3Oh,2,TRUE,NA
rs10046069,A,G,A,G,0.01265,0.004524,0.1327,0.129997,FALSE,FALSE,FALSE,7rgHSI,0.005921,0.4449,ab42,TRUE,reported,0.00216,4.4e-9,educ,TRUE,reported,K5Q3Oh,2,TRUE,NA
rs10057590,A,C,A,C,0.01063,-0.001584,0.4983,0.446674,FALSE,FALSE,FALSE,7rgHSI,0.003984,0.691,ab42,TRUE,reported,0.00141,4.08e-14,educ,TRUE,reported,K5Q3Oh,2,TRUE,NA
rs10060023,C,T,C,T,-0.011,-0.002474,0.6378,0.668063,FALSE,FALSE,FALSE,7rgHSI,0.004296,0.5647,ab42,TRUE,reported,0.0015,1.88e-13,educ,TRUE,reported,K5Q3Oh,2,TRUE,NA
rs10061420,A,T,A,T,0.00819,0.005912,0.4915,0.481367,FALSE,TRUE,TRUE,7rgHSI,0.004064,0.1459,ab42,TRUE,reported,0.00141,6.63e-9,educ,TRUE,reported,K5Q3Oh,2,FALSE,NA
rs1007250,G,A,G,A,0.00824,0.005542,0.8435,0.789098,FALSE,FALSE,FALSE,7rgHSI,0.004904,0.2586,ab42,TRUE,reported,0.00176,2.85e-6,educ,TRUE,reported,K5Q3Oh,2,TRUE,NA
rs10074050,C,A,C,A,-0.01038,-0.001934,0.8707,0.869972,FALSE,FALSE,FALSE,7rgHSI,0.006009,0.7476,ab42,TRUE,reported,0.0021,7.54e-7,educ,TRUE,reported,K5Q3Oh,2,TRUE,NA
rs10080647,A,C,A,C,0.01244,0.001902,0.1276,0.144734,FALSE,FALSE,FALSE,7rgHSI,0.005724,0.7397,ab42,TRUE,reported,0.00202,7.05e-10,educ,TRUE,reported,K5Q3Oh,2,TRUE,NA
rs1008078,T,C,T,C,-0.01821,-0.005418,0.4099,0.398645,FALSE,FALSE,FALSE,7rgHSI,0.0041660000000000004,0.1935,ab42,TRUE,reported,0.00143,4.5e-37,educ,TRUE,reported,K5Q3Oh,2,TRUE,NA
rs10083736,T,C,T,C,0.00922,0.002367,0.1973,0.211041,FALSE,FALSE,FALSE,7rgHSI,0.004954,0.6328,ab42,TRUE,reported,0.00171,7.37e-8,educ,TRUE,reported,K5Q3Oh,2,TRUE,NA
rs1009020,C,T,C,T,-0.00736,-0.006581,0.2925,0.332846,FALSE,FALSE,FALSE,7rgHSI,0.004294,0.1255,ab42,TRUE,reported,0.00148,6.45e-7,educ,TRUE,reported,K5Q3Oh,2,TRUE,NA
rs1009470,G,T,G,T,-0.00856,7.529e-4,0.5425,0.549661,FALSE,FALSE,FALSE,7rgHSI,0.004059,0.8529,ab42,TRUE,reported,0.00141,1.34e-9,educ,TRUE,reported,K5Q3Oh,2,TRUE,NA
rs10098073,A,C,A,C,-0.00909,-0.001512,0.5,0.571019,FALSE,FALSE,FALSE,7rgHSI,0.004128,0.7141,ab42,TRUE,reported,0.00141,1.03e-10,educ,TRUE,reported,K5Q3Oh,2,TRUE,NA
rs10109509,G,T,G,T,-0.00792,-0.007368,0.3027,0.31821699999999997,FALSE,FALSE,FALSE,7rgHSI,0.004346,0.09011,ab42,TRUE,reported,0.00154,2.87e-7,educ,TRUE,reported,K5Q3Oh,2,TRUE,NA
rs1011124,G,A,G,A,-0.00717,-0.003177,0.5884,0.591253,FALSE,FALSE,FALSE,7rgHSI,0.004192,0.4487,ab42,TRUE,reported,0.00143,5.2e-7,educ,TRUE,reported,K5Q3Oh,2,TRUE,NA
rs10119773,A,G,A,G,0.00652,0.004797,0.4847,0.46989499999999995,FALSE,FALSE,FALSE,7rgHSI,0.004051,0.2365,ab42,TRUE,reported,0.00141,4.06e-6,educ,TRUE,reported,K5Q3Oh,2,TRUE,NA
rs10120857,T,C,T,C,0.01154,-0.006419,0.91327,0.897536,FALSE,FALSE,FALSE,7rgHSI,0.00704,0.3619,ab42,TRUE,reported,0.00244,2.35e-6,educ,TRUE,reported,K5Q3Oh,2,TRUE,NA
rs1012180,G,A,G,A,-0.00707,-0.004708,0.5476,0.5207109999999999,FALSE,FALSE,FALSE,7rgHSI,0.004048,0.2449,ab42,TRUE,reported,0.0014,4.73e-7,educ,TRUE,reported,K5Q3Oh,2,TRUE,NA
rs10122669,G,A,G,A,0.0079,4.867e-5,0.6139,0.5776870000000001,FALSE,FALSE,FALSE,7rgHSI,0.004168,0.9907,ab42,TRUE,reported,0.00143,3e-8,educ,TRUE,reported,K5Q3Oh,2,TRUE,NA
rs10127690,A,G,A,G,-0.00819,-0.003485,0.7092,0.6998770000000001,FALSE,FALSE,FALSE,7rgHSI,0.004407,0.4291,ab42,TRUE,reported,0.00157,1.66e-7,educ,TRUE,reported,K5Q3Oh,2,TRUE,NA
rs10128888,A,G,A,G,-0.00829,0.001044,0.284,0.659532,FALSE,FALSE,FALSE,7rgHSI,0.004309,0.8085,ab42,TRUE,reported,0.00151,4.04e-8,educ,TRUE,reported,K5Q3Oh,2,TRUE,NA
rs10130443,T,C,T,C,0.00743,0.001289,0.6803,0.70097,FALSE,FALSE,FALSE,7rgHSI,0.004436,0.7715,ab42,TRUE,reported,0.00154,1.38e-6,educ,TRUE,reported,K5Q3Oh,2,TRUE,NA
rs10130488,G,C,G,C,0.00914,8.298e-5,0.8486,0.849199,FALSE,TRUE,FALSE,7rgHSI,0.005616,0.9882,ab42,TRUE,reported,0.00185,8.35e-7,educ,TRUE,reported,K5Q3Oh,2,TRUE,NA
rs10131981,G,A,G,A,0.00681,0.005481,0.3418,0.342039,FALSE,FALSE,FALSE,7rgHSI,0.004438,0.2169,ab42,TRUE,reported,0.00148,3.93e-6,educ,TRUE,reported,K5Q3Oh,2,TRUE,NA
rs10139828,C,T,C,T,-0.01062,1.214e-4,0.1497,0.137157,FALSE,FALSE,FALSE,7rgHSI,0.0057540000000000004,0.9832,ab42,TRUE,reported,0.00205,2.1e-7,educ,TRUE,reported,K5Q3Oh,2,TRUE,NA
rs1014174,C,T,C,T,-0.00675,0.001544,0.4762,0.476255,FALSE,FALSE,FALSE,7rgHSI,0.004236,0.7154,ab42,TRUE,reported,0.0014,1.56e-6,educ,TRUE,reported,K5Q3Oh,2,TRUE,NA
rs10145520,T,G,T,G,-0.01219,0.009052,0.7942,0.795996,FALSE,FALSE,FALSE,7rgHSI,0.005022,0.07159,ab42,TRUE,reported,0.00176,4.78e-12,educ,TRUE,reported,K5Q3Oh,2,TRUE,NA
rs10148656,T,C,T,C,-0.00696,-5.015e-4,0.3299,0.338158,FALSE,FALSE,FALSE,7rgHSI,0.00427,0.9065,ab42,TRUE,reported,0.00148,2.77e-6,educ,TRUE,reported,K5Q3Oh,2,TRUE,NA
rs10152967,G,A,G,A,0.01111,0.007982,0.08503,0.12838,FALSE,FALSE,FALSE,7rgHSI,0.006344,0.2084,ab42,TRUE,reported,0.00223,6.39e-7,educ,TRUE,reported,K5Q3Oh,2,TRUE,NA
rs1015581,C,T,C,T,-0.00665,0.006749,0.4201,0.42508500000000005,FALSE,FALSE,FALSE,7rgHSI,0.004017,0.09305,ab42,TRUE,reported,0.00142,2.85e-6,educ,TRUE,reported,K5Q3Oh,2,TRUE,NA
rs10164318,G,T,G,T,-0.00743,-0.01714,0.6616,0.670265,FALSE,FALSE,FALSE,7rgHSI,0.004399,9.999e-5,ab42,TRUE,reported,0.0015,7.29e-7,educ,TRUE,reported,K5Q3Oh,2,TRUE,NA
rs10166286,C,T,C,T,-0.0151,-0.001505,0.8095,0.820403,FALSE,FALSE,FALSE,7rgHSI,0.005315,0.7771,ab42,TRUE,reported,0.00185,3.79e-16,educ,TRUE,reported,K5Q3Oh,2,TRUE,NA
rs10168826,C,T,C,T,0.01505,-0.001715,0.05612,0.0612719,FALSE,FALSE,FALSE,7rgHSI,0.009241,0.8528,ab42,TRUE,reported,0.00297,3.96e-7,educ,TRUE,reported,K5Q3Oh,2,TRUE,NA
rs10169002,G,A,G,A,0.00802,0.001672,0.4694,0.499784,FALSE,FALSE,FALSE,7rgHSI,0.004117,0.6847,ab42,TRUE,reported,0.00141,1.15e-8,educ,TRUE,reported,K5Q3Oh,2,TRUE,NA
rs10169594,C,T,C,T,-0.00746,0.008591,0.3639,0.347213,FALSE,FALSE,FALSE,7rgHSI,0.00443,0.05256,ab42,TRUE,reported,0.00146,3.13e-7,educ,TRUE,reported,K5Q3Oh,2,TRUE,NA
rs10178963,C,A,C,A,-0.00761,-0.003937,0.5714,0.552063,FALSE,FALSE,FALSE,7rgHSI,0.004239,0.3531,ab42,TRUE,reported,0.00142,7.81e-8,educ,TRUE,reported,K5Q3Oh,2,TRUE,NA
rs10181071,A,G,A,G,0.01023,0.005507,0.8044,0.828072,FALSE,FALSE,FALSE,7rgHSI,0.005377,0.3058,ab42,TRUE,reported,0.00185,3.31e-8,educ,TRUE,reported,K5Q3Oh,2,TRUE,NA
rs10189857,G,A,G,A,-0.01583,0.005178,0.4184,0.437111,FALSE,FALSE,FALSE,7rgHSI,0.004084,0.2049,ab42,TRUE,reported,0.00141,4.69e-29,educ,TRUE,reported,K5Q3Oh,2,TRUE,NA
rs10192065,T,C,T,C,0.00821,-0.00244,0.2551,0.29488800000000004,FALSE,FALSE,FALSE,7rgHSI,0.004515,0.589,ab42,TRUE,reported,0.00157,1.66e-7,educ,TRUE,reported,K5Q3Oh,2,TRUE,NA
rs10192119,T,G,T,G,0.00948,0.008711,0.8418,0.811041,FALSE,FALSE,FALSE,7rgHSI,0.005292,0.09987,ab42,TRUE,reported,0.00189,5.09e-7,educ,TRUE,reported,K5Q3Oh,2,TRUE,NA
rs10192834,T,C,T,C,0.00832,-6.201e-4,0.6548,0.6577919999999999,FALSE,FALSE,FALSE,7rgHSI,0.004286,0.885,ab42,TRUE,reported,0.00148,2.05e-8,educ,TRUE,reported,K5Q3Oh,2,TRUE,NA
rs10193498,T,A,T,A,-0.00966,-0.00474,0.2619,0.269464,FALSE,TRUE,FALSE,7rgHSI,0.004684,0.3116,ab42,TRUE,reported,0.00163,3.1e-9,educ,TRUE,reported,K5Q3Oh,2,TRUE,NA
rs10199493,A,G,A,G,0.00929,-0.01037,0.2619,0.254096,FALSE,FALSE,FALSE,7rgHSI,0.004564,0.0231,ab42,TRUE,reported,0.00163,1.29e-8,educ,TRUE,reported,K5Q3Oh,2,TRUE,NA
rs10200883,G,C,G,C,0.00662,-0.00202,0.5357,0.527918,FALSE,TRUE,TRUE,7rgHSI,0.004125,0.6244,ab42,TRUE,reported,0.00141,2.8e-6,educ,TRUE,reported,K5Q3Oh,2,FALSE,NA
rs10205057,T,C,T,C,0.009,-1.551e-4,0.5425,0.554743,FALSE,FALSE,FALSE,7rgHSI,0.004078,0.9697,ab42,TRUE,reported,0.00144,3.67e-10,educ,TRUE,reported,K5Q3Oh,2,TRUE,NA
rs10208,T,C,T,C,0.00906,0.005779,0.3163,0.689683,FALSE,FALSE,FALSE,7rgHSI,0.004472,0.1963,ab42,TRUE,reported,0.00151,2.07e-9,educ,TRUE,reported,K5Q3Oh,2,TRUE,NA
rs10233848,A,G,A,G,0.00738,-0.002699,0.7007,0.6838310000000001,FALSE,FALSE,FALSE,7rgHSI,0.004374,0.5372,ab42,TRUE,reported,0.00153,1.46e-6,educ,TRUE,reported,K5Q3Oh,2,TRUE,NA
rs10239077,G,A,G,A,-0.01129,-0.002806,0.881,0.877271,FALSE,FALSE,FALSE,7rgHSI,0.006259,0.654,ab42,TRUE,reported,0.00216,1.81e-7,educ,TRUE,reported,K5Q3Oh,2,TRUE,NA
rs10239419,A,G,A,G,-0.00803,-0.007005,0.6803,0.690822,FALSE,FALSE,FALSE,7rgHSI,0.004256,0.09994,ab42,TRUE,reported,0.00152,1.16e-7,educ,TRUE,reported,K5Q3Oh,2,TRUE,NA
rs1024268,C,T,C,T,0.0084,-3.436e-4,0.6122,0.586264,FALSE,FALSE,FALSE,7rgHSI,0.004148,0.934,ab42,TRUE,reported,0.00142,3.4e-9,educ,TRUE,reported,K5Q3Oh,2,TRUE,NA
rs10249075,T,C,T,C,-0.00729,0.002063,0.3214,0.261857,FALSE,FALSE,FALSE,7rgHSI,0.004523,0.6484,ab42,TRUE,reported,0.00158,4.04e-6,educ,TRUE,reported,K5Q3Oh,2,TRUE,NA
rs10253968,C,T,C,T,-0.00747,0.003518,0.3554,0.357438,FALSE,FALSE,FALSE,7rgHSI,0.004246,0.4074,ab42,TRUE,reported,0.00148,4.59e-7,educ,TRUE,reported,K5Q3Oh,2,TRUE,NA
rs1026196,C,T,C,T,0.00891,-0.01218,0.8265,0.842147,FALSE,FALSE,FALSE,7rgHSI,0.005582,0.02922,ab42,TRUE,reported,0.00185,1.47e-6,educ,TRUE,reported,K5Q3Oh,2,TRUE,NA
rs10264573,G,A,G,A,-0.01754,0.006196,0.199,0.052741,FALSE,FALSE,FALSE,7rgHSI,0.01061,0.5591,ab42,TRUE,reported,0.00319,3.79e-8,educ,TRUE,reported,K5Q3Oh,2,TRUE,NA
rs10268735,G,A,G,A,0.0074400000000000004,-0.002718,0.3605,0.3419,FALSE,FALSE,FALSE,7rgHSI,0.004353,0.5325,ab42,TRUE,reported,0.00148,5.32e-7,educ,TRUE,reported,K5Q3Oh,2,TRUE,NA
rs10271395,T,C,T,C,-0.00802,-0.005373,0.7772,0.757746,FALSE,FALSE,FALSE,7rgHSI,0.004785,0.2616,ab42,TRUE,reported,0.00165,1.19e-6,educ,TRUE,reported,K5Q3Oh,2,TRUE,NA
rs10271562,C,T,C,T,-0.00874,0.002263,0.2024,0.17486900000000005,FALSE,FALSE,FALSE,7rgHSI,0.005417,0.6762,ab42,TRUE,reported,0.00181,1.46e-6,educ,TRUE,reported,K5Q3Oh,2,TRUE,NA
rs10276397,A,G,A,G,-0.00708,-6.632e-4,0.3707,0.316893,FALSE,FALSE,FALSE,7rgHSI,0.004339,0.8785,ab42,TRUE,reported,0.00149,2.09e-6,educ,TRUE,reported,K5Q3Oh,2,TRUE,NA
rs1031389,G,A,G,A,-0.00793,0.001065,0.4898,0.472467,FALSE,FALSE,FALSE,7rgHSI,0.004047,0.7924,ab42,TRUE,reported,0.0014,1.58e-8,educ,TRUE,reported,K5Q3Oh,2,TRUE,NA
rs1035578,A,G,A,G,-0.00937,0.001464,0.5663,0.537542,FALSE,FALSE,FALSE,7rgHSI,0.0041,0.7209,ab42,TRUE,reported,0.0014,2.57e-11,educ,TRUE,reported,K5Q3Oh,2,TRUE,NA
rs1038253,G,A,G,A,0.00694,-0.009654,0.6105,0.593609,FALSE,FALSE,FALSE,7rgHSI,0.004159,0.02033,ab42,TRUE,reported,0.00145,1.84e-6,educ,TRUE,reported,K5Q3Oh,2,TRUE,NA
rs10415488,T,C,T,C,-0.00694,7.549e-4,0.5867,0.609008,FALSE,FALSE,FALSE,7rgHSI,0.004226,0.8582,ab42,TRUE,reported,0.00146,1.88e-6,educ,TRUE,reported,K5Q3Oh,2,TRUE,NA
rs10439212,C,T,C,T,-0.00739,-0.001879,0.2704,0.270942,FALSE,FALSE,FALSE,7rgHSI,0.004749,0.6923,ab42,TRUE,reported,0.00158,2.8e-6,educ,TRUE,reported,K5Q3Oh,2,TRUE,NA
rs10444280,T,C,T,C,0.00996,0.004365,0.7993,0.807761,FALSE,FALSE,FALSE,7rgHSI,0.005119,0.3938,ab42,TRUE,reported,0.00176,1.47e-8,educ,TRUE,reported,K5Q3Oh,2,TRUE,NA
rs1044595,T,C,T,C,0.00693,0.001687,0.5663,0.59555,FALSE,FALSE,FALSE,7rgHSI,0.00411,0.6816,ab42,TRUE,reported,0.00143,1.31e-6,educ,TRUE,reported,K5Q3Oh,2,TRUE,NA
rs10460095,G,A,G,A,0.01237,-0.004361,0.4133,0.397752,FALSE,FALSE,FALSE,7rgHSI,0.004207,0.3001,ab42,TRUE,reported,0.00142,2.61e-18,educ,TRUE,reported,K5Q3Oh,2,TRUE,NA
rs10461357,T,C,T,C,0.00983,0.001509,0.1156,0.127302,FALSE,FALSE,FALSE,7rgHSI,0.006195,0.8076,ab42,TRUE,reported,0.00211,3.27e-6,educ,TRUE,reported,K5Q3Oh,2,TRUE,NA
rs10472030,T,C,T,C,0.0082,-2.255e-4,0.2942,0.276979,FALSE,FALSE,FALSE,7rgHSI,0.004572,0.9607,ab42,TRUE,reported,0.00155,1.11e-7,educ,TRUE,reported,K5Q3Oh,2,TRUE,NA
rs1047586,G,T,G,T,-0.00815,2.736e-4,0.2228,0.263936,FALSE,FALSE,FALSE,7rgHSI,0.004737,0.9539,ab42,TRUE,reported,0.00159,2.86e-7,educ,TRUE,reported,K5Q3Oh,2,TRUE,NA
rs10480450,G,A,G,A,-0.01585,0.004799,0.05612,0.0842008,FALSE,FALSE,FALSE,7rgHSI,0.007831,0.54,ab42,TRUE,reported,0.00283,2.05e-8,educ,TRUE,reported,K5Q3Oh,2,TRUE,NA
rs10491478,T,C,T,C,0.00797,-8.085e-4,0.75,0.735171,FALSE,FALSE,FALSE,7rgHSI,0.004811,0.8666,ab42,TRUE,reported,0.00161,7.69e-7,educ,TRUE,reported,K5Q3Oh,2,TRUE,NA
rs10493907,C,G,C,G,0.00991,0.01255,0.8401,0.834247,FALSE,TRUE,FALSE,7rgHSI,0.005375,0.01964,ab42,TRUE,reported,0.00187,1.24e-7,educ,TRUE,reported,K5Q3Oh,2,TRUE,NA
rs10495182,C,T,C,T,-0.00953,0.007259,0.1395,0.132938,FALSE,FALSE,FALSE,7rgHSI,0.006103,0.2344,ab42,TRUE,reported,0.00206,3.96e-6,educ,TRUE,reported,K5Q3Oh,2,TRUE,NA
rs10496091,G,A,G,A,0.01309,0.004033,0.7109,0.722405,FALSE,FALSE,FALSE,7rgHSI,0.004601,0.3808,ab42,TRUE,reported,0.00155,3.71e-17,educ,TRUE,reported,K5Q3Oh,2,TRUE,NA
rs10499535,A,G,A,G,0.00796,-0.00246,0.4796,0.514675,FALSE,FALSE,FALSE,7rgHSI,0.004081,0.5466,ab42,TRUE,reported,0.0014,1.4e-8,educ,TRUE,reported,K5Q3Oh,2,TRUE,NA
rs1050847,C,T,C,T,-0.00918,0.001462,0.415,0.495088,FALSE,FALSE,FALSE,7rgHSI,0.004228,0.7295,ab42,TRUE,reported,0.00142,9.2e-11,educ,TRUE,reported,K5Q3Oh,2,TRUE,NA
rs10509790,C,G,C,G,-0.00839,-0.007707,0.6667,0.6481520000000001,FALSE,TRUE,FALSE,7rgHSI,0.004559,0.09102,ab42,TRUE,reported,0.00149,1.71e-8,educ,TRUE,reported,K5Q3Oh,2,TRUE,NA
rs10515007,T,C,T,C,0.01425,-0.003116,0.1922,0.16198,FALSE,FALSE,FALSE,7rgHSI,0.005435,0.5665,ab42,TRUE,reported,0.00191,8.07e-14,educ,TRUE,reported,K5Q3Oh,2,TRUE,NA
rs1051860,A,G,A,G,-0.00789,-0.003845,0.4184,0.39942999999999995,FALSE,FALSE,FALSE,7rgHSI,0.004091,0.3474,ab42,TRUE,reported,0.00143,3.29e-8,educ,TRUE,reported,K5Q3Oh,2,TRUE,NA
rs10519504,T,G,T,G,0.0119,0.004879,0.1446,0.154496,FALSE,FALSE,FALSE,7rgHSI,0.00549,0.3743,ab42,TRUE,reported,0.00193,7.31e-10,educ,TRUE,reported,K5Q3Oh,2,TRUE,NA
rs10520474,G,A,G,A,-0.01243,0.002733,0.102,0.0851863,FALSE,FALSE,FALSE,7rgHSI,0.007533,0.7168,ab42,TRUE,reported,0.00266,2.9e-6,educ,TRUE,reported,K5Q3Oh,2,TRUE,NA
rs1054378,C,T,C,T,-0.00725,-0.005641,0.5595,0.566369,FALSE,FALSE,FALSE,7rgHSI,0.004094,0.1684,ab42,TRUE,reported,0.00143,3.76e-7,educ,TRUE,reported,K5Q3Oh,2,TRUE,NA
rs1054442,C,A,C,A,0.01359,-0.001558,0.3282,0.380043,FALSE,FALSE,FALSE,7rgHSI,0.004169,0.7087,ab42,TRUE,reported,0.00146,1.1e-20,educ,TRUE,reported,K5Q3Oh,2,TRUE,NA
rs1057908,G,T,G,T,-0.00661,-0.006135,0.5119,0.484155,FALSE,FALSE,FALSE,7rgHSI,0.004017,0.1268,ab42,TRUE,reported,0.0014,2.57e-6,educ,TRUE,reported,K5Q3Oh,2,TRUE,NA
rs1061801,A,G,A,G,-0.01101,-0.001649,0.1888,0.188374,FALSE,FALSE,FALSE,7rgHSI,0.005331,0.757,ab42,TRUE,reported,0.00181,1.06e-9,educ,TRUE,reported,K5Q3Oh,2,TRUE,NA
rs1063478,T,C,T,C,-0.01046,0.01081,0.1224,0.13725,FALSE,FALSE,FALSE,7rgHSI,0.006135,0.07821,ab42,TRUE,reported,0.00215,1.16e-6,educ,TRUE,reported,K5Q3Oh,2,TRUE,NA
rs1064193,T,A,T,A,0.00751,0.006197,0.6378,0.630336,FALSE,TRUE,FALSE,7rgHSI,0.004234,0.1434,ab42,TRUE,reported,0.00147,3.39e-7,educ,TRUE,reported,K5Q3Oh,2,TRUE,NA
rs1066769,A,G,A,G,-0.02304,0.004946,0.02551,0.0319988,FALSE,FALSE,FALSE,7rgHSI,0.0117,0.6726,ab42,TRUE,reported,0.00406,1.38e-8,educ,TRUE,reported,K5Q3Oh,2,TRUE,NA
rs1070070,A,G,A,G,-0.01049,0.001197,0.1276,0.13400100000000004,FALSE,FALSE,FALSE,7rgHSI,0.00607,0.8437,ab42,TRUE,reported,0.00216,1.15e-6,educ,TRUE,reported,K5Q3Oh,2,TRUE,NA
rs10740572,T,A,T,A,0.00845,0.00537,0.25,0.22220499999999999,FALSE,TRUE,FALSE,7rgHSI,0.004935,0.2766,ab42,TRUE,reported,0.00168,4.94e-7,educ,TRUE,reported,K5Q3Oh,2,TRUE,NA
rs10742591,T,A,T,A,0.00844,-0.006187,0.4218,0.398383,FALSE,TRUE,TRUE,7rgHSI,0.004269,0.1473,ab42,TRUE,reported,0.00144,4.26e-9,educ,TRUE,reported,K5Q3Oh,2,FALSE,NA
rs1074462,A,T,A,T,0.00827,0.003239,0.4116,0.40497399999999995,FALSE,TRUE,FALSE,7rgHSI,0.004345,0.456,ab42,TRUE,reported,0.00144,9.45e-9,educ,TRUE,reported,K5Q3Oh,2,TRUE,NA
rs10748841,G,A,G,A,0.01113,0.006991,0.2976,0.340114,FALSE,FALSE,FALSE,7rgHSI,0.004425,0.1143,ab42,TRUE,reported,0.00197,1.58e-8,educ,TRUE,reported,K5Q3Oh,2,TRUE,NA
rs10750539,A,G,A,G,-0.00949,2.329e-4,0.3367,0.339344,FALSE,FALSE,FALSE,7rgHSI,0.004306,0.9569,ab42,TRUE,reported,0.00147,1.11e-10,educ,TRUE,reported,K5Q3Oh,2,TRUE,NA
rs10752262,C,T,C,T,-0.01018,0.004852,0.6259,0.591484,FALSE,FALSE,FALSE,7rgHSI,0.004278,0.2569,ab42,TRUE,reported,0.00143,1.28e-12,educ,TRUE,reported,K5Q3Oh,2,TRUE,NA
rs10759006,C,T,C,T,0.00759,0.00254,0.6786,0.662304,FALSE,FALSE,FALSE,7rgHSI,0.00437,0.5612,ab42,TRUE,reported,0.00151,5.22e-7,educ,TRUE,reported,K5Q3Oh,2,TRUE,NA
rs10760303,C,G,C,G,-0.01535,7.331e-4,0.93537,0.932153,FALSE,TRUE,FALSE,7rgHSI,0.008982,0.935,ab42,TRUE,reported,0.00285,7.44e-8,educ,TRUE,reported,K5Q3Oh,2,TRUE,NA
rs10761202,T,C,T,C,0.00876,-0.002809,0.466,0.459193,FALSE,FALSE,FALSE,7rgHSI,0.004046,0.4876,ab42,TRUE,reported,0.0014,4.28e-10,educ,TRUE,reported,K5Q3Oh,2,TRUE,NA
rs10761251,A,T,A,T,0.01131,0.00152,0.6293,0.634694,FALSE,TRUE,FALSE,7rgHSI,0.004187,0.7166,ab42,TRUE,reported,0.00148,2.52e-14,educ,TRUE,reported,K5Q3Oh,2,TRUE,NA
rs10772644,G,C,G,C,-0.01424,-0.01614,0.1071,0.11333499999999996,FALSE,TRUE,FALSE,7rgHSI,0.006874,0.01891,ab42,TRUE,reported,0.00223,1.69e-10,educ,TRUE,reported,K5Q3Oh,2,TRUE,NA
rs10773002,T,A,T,A,-0.01848,-0.01069,0.7211,0.729658,FALSE,TRUE,FALSE,7rgHSI,0.00461,0.02048,ab42,TRUE,reported,0.00162,2.5e-30,educ,TRUE,reported,K5Q3Oh,2,TRUE,NA
rs10773208,T,C,T,C,-0.01103,5.917e-4,0.2619,0.25189399999999995,FALSE,FALSE,FALSE,7rgHSI,0.004667,0.8991,ab42,TRUE,reported,0.00161,8.09e-12,educ,TRUE,reported,K5Q3Oh,2,TRUE,NA
rs10773515,T,C,T,C,0.00761,0.005505,0.6616,0.680105,FALSE,FALSE,FALSE,7rgHSI,0.004327,0.2033,ab42,TRUE,reported,0.00152,5.54e-7,educ,TRUE,reported,K5Q3Oh,2,TRUE,NA
rs10774563,A,G,A,G,0.00693,-0.001051,0.568,0.561826,FALSE,FALSE,FALSE,7rgHSI,0.004143,0.7997,ab42,TRUE,reported,0.00141,8.98e-7,educ,TRUE,reported,K5Q3Oh,2,TRUE,NA
rs10782651,T,C,T,C,-0.00819,-0.004337,0.517,0.5487679999999999,FALSE,FALSE,FALSE,7rgHSI,0.004107,0.291,ab42,TRUE,reported,0.00141,6.37e-9,educ,TRUE,reported,K5Q3Oh,2,TRUE,NA
rs10783243,A,G,A,G,-0.00919,-0.008218,0.5323,0.51449,FALSE,FALSE,FALSE,7rgHSI,0.004008,0.04044,ab42,TRUE,reported,0.0014,5.8e-11,educ,TRUE,reported,K5Q3Oh,2,TRUE,NA
rs10785268,A,G,A,G,-0.00723,0.003307,0.5595,0.5260389999999999,FALSE,FALSE,FALSE,7rgHSI,0.004126,0.4229,ab42,TRUE,reported,0.0014,2.57e-7,educ,TRUE,reported,K5Q3Oh,2,TRUE,NA
rs10785310,C,T,C,T,0.00674,0.003059,0.5782,0.582184,FALSE,FALSE,FALSE,7rgHSI,0.004165,0.4627,ab42,TRUE,reported,0.00144,2.94e-6,educ,TRUE,reported,K5Q3Oh,2,TRUE,NA
rs10786544,C,T,C,T,-0.00712,0.00573,0.3537,0.33584800000000004,FALSE,FALSE,FALSE,7rgHSI,0.004237,0.1763,ab42,TRUE,reported,0.00147,1.35e-6,educ,TRUE,reported,K5Q3Oh,2,TRUE,NA
rs10789285,G,T,G,T,-0.00913,0.001236,0.2381,0.268864,FALSE,FALSE,FALSE,7rgHSI,0.004592,0.7879,ab42,TRUE,reported,0.00163,2.07e-8,educ,TRUE,reported,K5Q3Oh,2,TRUE,NA
rs10789934,A,G,A,G,-0.01074,-0.00192,0.131,0.115768,FALSE,FALSE,FALSE,7rgHSI,0.006079,0.7522,ab42,TRUE,reported,0.00218,8.43e-7,educ,TRUE,reported,K5Q3Oh,2,TRUE,NA
rs10793903,A,G,A,G,0.01259,0.004316,0.1224,0.122313,FALSE,FALSE,FALSE,7rgHSI,0.00666,0.517,ab42,TRUE,reported,0.00222,1.37e-8,educ,TRUE,reported,K5Q3Oh,2,TRUE,NA
rs10795831,T,G,T,G,-0.00994,-0.001088,0.2092,0.231398,FALSE,FALSE,FALSE,7rgHSI,0.004903,0.8244,ab42,TRUE,reported,0.00172,6.98e-9,educ,TRUE,reported,K5Q3Oh,2,TRUE,NA
rs10797055,G,A,G,A,0.00751,-0.001235,0.5102,0.477056,FALSE,FALSE,FALSE,7rgHSI,0.004064,0.7613,ab42,TRUE,reported,0.00142,1.13e-7,educ,TRUE,reported,K5Q3Oh,2,TRUE,NA
rs10799615,G,A,G,A,0.00885,0.01001,0.7364,0.739128,FALSE,FALSE,FALSE,7rgHSI,0.004742,0.0349,ab42,TRUE,reported,0.00161,4.11e-8,educ,TRUE,reported,K5Q3Oh,2,TRUE,NA
rs10805383,A,G,A,G,-0.01029,-0.001305,0.4745,0.508685,FALSE,FALSE,FALSE,7rgHSI,0.004047,0.7472,ab42,TRUE,reported,0.0014,2.22e-13,educ,TRUE,reported,K5Q3Oh,2,TRUE,NA
rs10809393,T,G,T,G,-0.00692,0.004754,0.517,0.5,FALSE,FALSE,FALSE,7rgHSI,0.004006,0.2354,ab42,TRUE,reported,0.00143,1.23e-6,educ,TRUE,reported,K5Q3Oh,2,TRUE,NA
rs10810099,A,G,A,G,-0.01458,0.003318,0.2823,0.298245,FALSE,FALSE,FALSE,7rgHSI,0.004744,0.4843,ab42,TRUE,reported,0.00157,1.91e-20,educ,TRUE,reported,K5Q3Oh,2,TRUE,NA
rs10810145,A,G,A,G,0.00782,0.004992,0.3895,0.415938,FALSE,FALSE,FALSE,7rgHSI,0.004113,0.225,ab42,TRUE,reported,0.00142,4e-8,educ,TRUE,reported,K5Q3Oh,2,TRUE,NA
rs10815509,C,G,C,G,-0.00686,5.231e-4,0.6105,0.608485,FALSE,TRUE,FALSE,7rgHSI,0.004085,0.8981,ab42,TRUE,reported,0.00145,2.08e-6,educ,TRUE,reported,K5Q3Oh,2,TRUE,NA
rs10819960,C,T,C,T,-0.01145,-0.004415,0.2177,0.224607,FALSE,FALSE,FALSE,7rgHSI,0.004761,0.3538,ab42,TRUE,reported,0.00216,1.18e-7,educ,TRUE,reported,K5Q3Oh,2,TRUE,NA
rs10820803,G,A,G,A,-0.00811,0.003812,0.2211,0.227071,FALSE,FALSE,FALSE,7rgHSI,0.004973,0.4435,ab42,TRUE,reported,0.0017,1.94e-6,educ,TRUE,reported,K5Q3Oh,2,TRUE,NA
rs10822910,C,G,C,G,0.00833,0.002929,0.7738,0.768833,FALSE,TRUE,FALSE,7rgHSI,0.004816,0.5431,ab42,TRUE,reported,0.00166,5.07e-7,educ,TRUE,reported,K5Q3Oh,2,TRUE,NA
rs10830858,C,T,C,T,-0.0092,-0.00293,0.4881,0.493302,FALSE,FALSE,FALSE,7rgHSI,0.004069,0.4715,ab42,TRUE,reported,0.0014,5.31e-11,educ,TRUE,reported,K5Q3Oh,2,TRUE,NA
rs10831656,T,C,T,C,0.00896,0.004448,0.2942,0.316585,FALSE,FALSE,FALSE,7rgHSI,0.004443,0.3169,ab42,TRUE,reported,0.00151,3.1e-9,educ,TRUE,reported,K5Q3Oh,2,TRUE,NA
rs10844179,G,A,G,A,-0.01043,-0.001769,0.7976,0.773067,FALSE,FALSE,FALSE,7rgHSI,0.004781,0.7114,ab42,TRUE,reported,0.00168,5.03e-10,educ,TRUE,reported,K5Q3Oh,2,TRUE,NA
rs10845051,T,A,T,A,-0.00832,-0.004399,0.5306,0.507684,FALSE,TRUE,TRUE,7rgHSI,0.004108,0.2843,ab42,TRUE,reported,0.00141,3.75e-9,educ,TRUE,reported,K5Q3Oh,2,FALSE,NA
rs10864043,A,G,A,G,-0.00858,8.44e-4,0.1701,0.22828800000000005,FALSE,FALSE,FALSE,7rgHSI,0.004889,0.863,ab42,TRUE,reported,0.00167,2.73e-7,educ,TRUE,reported,K5Q3Oh,2,TRUE,NA
rs10868348,T,G,T,G,-0.00829,0.005937,0.7517,0.736511,FALSE,FALSE,FALSE,7rgHSI,0.004636,0.2004,ab42,TRUE,reported,0.0016,2.1e-7,educ,TRUE,reported,K5Q3Oh,2,TRUE,NA
rs10871717,C,A,C,A,0.00709,3.769e-4,0.6429,0.641946,FALSE,FALSE,FALSE,7rgHSI,0.004236,0.9291,ab42,TRUE,reported,0.00148,1.57e-6,educ,TRUE,reported,K5Q3Oh,2,TRUE,NA
rs10875121,G,C,G,C,-0.01738,0.002656,0.1429,0.16298100000000004,FALSE,TRUE,FALSE,7rgHSI,0.005531,0.6311,ab42,TRUE,reported,0.00189,4.46e-20,educ,TRUE,reported,K5Q3Oh,2,TRUE,NA
rs10877283,T,G,T,G,0.00849,0.001466,0.5935,0.583816,FALSE,FALSE,FALSE,7rgHSI,0.004192,0.7266,ab42,TRUE,reported,0.00143,2.86e-9,educ,TRUE,reported,K5Q3Oh,2,TRUE,NA
rs10879676,T,C,T,C,-0.00831,0.008401,0.5918,0.58283,FALSE,FALSE,FALSE,7rgHSI,0.004133,0.04216,ab42,TRUE,reported,0.00142,5.29e-9,educ,TRUE,reported,K5Q3Oh,2,TRUE,NA
rs10882132,G,A,G,A,-0.00791,-0.003689,0.2806,0.301124,FALSE,FALSE,FALSE,7rgHSI,0.004446,0.4067,ab42,TRUE,reported,0.00157,4.97e-7,educ,TRUE,reported,K5Q3Oh,2,TRUE,NA
rs10886012,G,C,G,C,-0.00776,-0.003178,0.4337,0.438051,FALSE,TRUE,TRUE,7rgHSI,0.004086,0.4368,ab42,TRUE,reported,0.00142,4.24e-8,educ,TRUE,reported,K5Q3Oh,2,FALSE,NA
rs10887203,G,T,G,T,0.00764,-0.005273,0.4133,0.445303,FALSE,FALSE,FALSE,7rgHSI,0.004153,0.2042,ab42,TRUE,reported,0.00142,7.93e-8,educ,TRUE,reported,K5Q3Oh,2,TRUE,NA
rs10892807,C,T,C,T,-0.01094,0.004944,0.3997,0.416523,FALSE,FALSE,FALSE,7rgHSI,0.004169,0.2357,ab42,TRUE,reported,0.00142,1.09e-14,educ,TRUE,reported,K5Q3Oh,2,TRUE,NA
rs10899282,A,G,A,G,0.014,-6.994e-4,0.233,0.240314,FALSE,FALSE,FALSE,7rgHSI,0.004726,0.8824,ab42,TRUE,reported,0.00169,1.05e-16,educ,TRUE,reported,K5Q3Oh,2,TRUE,NA
rs10900534,T,C,T,C,0.00723,-0.001199,0.5068,0.5745,FALSE,FALSE,FALSE,7rgHSI,0.00407,0.7684,ab42,TRUE,reported,0.00141,3.08e-7,educ,TRUE,reported,K5Q3Oh,2,TRUE,NA
rs10901865,G,A,G,A,-0.00776,0.006467,0.3299,0.336957,FALSE,FALSE,FALSE,7rgHSI,0.004242,0.1275,ab42,TRUE,reported,0.0015,2.15e-7,educ,TRUE,reported,K5Q3Oh,2,TRUE,NA
rs10903358,G,A,G,A,-0.00857,5.13e-4,0.7755,0.810163,FALSE,FALSE,FALSE,7rgHSI,0.005222,0.9218,ab42,TRUE,reported,0.00175,1.01e-6,educ,TRUE,reported,K5Q3Oh,2,TRUE,NA
rs10905539,T,A,T,A,0.00874,0.01106,0.8214,0.827949,FALSE,TRUE,FALSE,7rgHSI,0.005294,0.03674,ab42,TRUE,reported,0.00187,3.08e-6,educ,TRUE,reported,K5Q3Oh,2,TRUE,NA
rs10913420,T,C,T,C,0.00896,-0.001501,0.1599,0.166076,FALSE,FALSE,FALSE,7rgHSI,0.005457,0.7833,ab42,TRUE,reported,0.00185,1.35e-6,educ,TRUE,reported,K5Q3Oh,2,TRUE,NA
rs10915222,C,T,C,T,-0.00959,-0.01106,0.3197,0.323052,FALSE,FALSE,FALSE,7rgHSI,0.004306,0.01025,ab42,TRUE,reported,0.00151,2.13e-10,educ,TRUE,reported,K5Q3Oh,2,TRUE,NA
rs10927053,A,T,A,T,-0.01252,0.001258,0.8997,0.890884,FALSE,TRUE,FALSE,7rgHSI,0.006627,0.8494,ab42,TRUE,reported,0.00223,2.13e-8,educ,TRUE,reported,K5Q3Oh,2,TRUE,NA
rs10928190,T,C,T,C,-0.00866,-0.004337,0.4762,0.46295,FALSE,FALSE,FALSE,7rgHSI,0.004156,0.2968,ab42,TRUE,reported,0.00141,7.76e-10,educ,TRUE,reported,K5Q3Oh,2,TRUE,NA
rs10930018,A,G,A,G,0.00952,7.73e-4,0.1718,0.19173099999999998,FALSE,FALSE,FALSE,7rgHSI,0.005132,0.8803,ab42,TRUE,reported,0.00183,2.03e-7,educ,TRUE,reported,K5Q3Oh,2,TRUE,NA
rs10931821,A,T,A,T,-0.01412,-0.007816,0.4779,0.49656600000000006,FALSE,TRUE,TRUE,7rgHSI,0.004006,0.05116,ab42,TRUE,reported,0.0014,8.65e-24,educ,TRUE,reported,K5Q3Oh,2,FALSE,NA
rs10934369,G,T,G,T,0.00844,-0.002145,0.767,0.782384,FALSE,FALSE,FALSE,7rgHSI,0.004931,0.6636,ab42,TRUE,reported,0.00167,4.48e-7,educ,TRUE,reported,K5Q3Oh,2,TRUE,NA
rs10937240,T,C,T,C,-0.01226,-0.006421,0.1956,0.202402,FALSE,FALSE,FALSE,7rgHSI,0.005117,0.2096,ab42,TRUE,reported,0.00179,6.95e-12,educ,TRUE,reported,K5Q3Oh,2,TRUE,NA
rs10937590,G,T,G,T,-0.00888,-0.004488,0.4371,0.471897,FALSE,FALSE,FALSE,7rgHSI,0.004022,0.2646,ab42,TRUE,reported,0.00185,1.62e-6,educ,TRUE,reported,K5Q3Oh,2,TRUE,NA
rs10940540,A,T,A,T,0.00779,9.901e-4,0.5357,0.544888,FALSE,TRUE,TRUE,7rgHSI,0.004156,0.8117,ab42,TRUE,reported,0.00141,3.44e-8,educ,TRUE,reported,K5Q3Oh,2,FALSE,NA
rs10940921,G,T,G,T,-0.01113,-0.001026,0.5697,0.548121,FALSE,FALSE,FALSE,7rgHSI,0.004153,0.8049,ab42,TRUE,reported,0.00145,1.31e-14,educ,TRUE,reported,K5Q3Oh,2,TRUE,NA
rs10943588,C,A,C,A,-0.0084,2.083e-4,0.3673,0.385648,FALSE,FALSE,FALSE,7rgHSI,0.004145,0.9599,ab42,TRUE,reported,0.00147,1.05e-8,educ,TRUE,reported,K5Q3Oh,2,TRUE,NA
rs10947439,C,T,C,T,-0.00904,0.00351,0.352,0.34764399999999995,FALSE,FALSE,FALSE,7rgHSI,0.004225,0.4062,ab42,TRUE,reported,0.00148,1.11e-9,educ,TRUE,reported,K5Q3Oh,2,TRUE,NA
rs10947878,C,T,C,T,0.01152,-6.963e-4,0.8793,0.8928240000000001,FALSE,FALSE,FALSE,7rgHSI,0.006457,0.9141,ab42,TRUE,reported,0.00224,2.83e-7,educ,TRUE,reported,K5Q3Oh,2,TRUE,NA
rs10949263,G,A,G,A,0.00912,-0.001814,0.784,0.759455,FALSE,FALSE,FALSE,7rgHSI,0.004958,0.7145,ab42,TRUE,reported,0.00163,2.33e-8,educ,TRUE,reported,K5Q3Oh,2,TRUE,NA
rs10951590,T,C,T,C,-0.01086,-0.007236,0.3146,0.32376,FALSE,FALSE,FALSE,7rgHSI,0.004292,0.09186,ab42,TRUE,reported,0.00149,3.62e-13,educ,TRUE,reported,K5Q3Oh,2,TRUE,NA
rs10962552,T,C,T,C,-0.00898,-0.00513,0.1769,0.172975,FALSE,FALSE,FALSE,7rgHSI,0.005416,0.3437,ab42,TRUE,reported,0.00189,1.95e-6,educ,TRUE,reported,K5Q3Oh,2,TRUE,NA
rs10968219,C,T,C,T,0.00697,-0.008869,0.6582,0.672482,FALSE,FALSE,FALSE,7rgHSI,0.004414,0.04456,ab42,TRUE,reported,0.00148,2.48e-6,educ,TRUE,reported,K5Q3Oh,2,TRUE,NA
rs1097784,T,C,T,C,-0.00832,9.083e-4,0.4915,0.5153369999999999,FALSE,FALSE,FALSE,7rgHSI,0.004123,0.8256,ab42,TRUE,reported,0.0014,3.05e-9,educ,TRUE,reported,K5Q3Oh,2,TRUE,NA
rs10979613,C,T,C,T,0.01168,0.003933,0.3571,0.350293,FALSE,FALSE,FALSE,7rgHSI,0.004229,0.3524,ab42,TRUE,reported,0.00146,1.25e-15,educ,TRUE,reported,K5Q3Oh,2,TRUE,NA
rs10984445,G,A,G,A,-0.01153,-0.001483,0.5374,0.5206189999999999,FALSE,FALSE,FALSE,7rgHSI,0.004171,0.7222,ab42,TRUE,reported,0.00141,2.58e-16,educ,TRUE,reported,K5Q3Oh,2,TRUE,NA
rs10995639,C,T,C,T,-0.00779,-0.002826,0.5,0.55907,FALSE,FALSE,FALSE,7rgHSI,0.004081,0.4887,ab42,TRUE,reported,0.00142,4.26e-8,educ,TRUE,reported,K5Q3Oh,2,TRUE,NA
rs10996821,A,G,A,G,-0.0074,-0.002788,0.6616,0.692809,FALSE,FALSE,FALSE,7rgHSI,0.004341,0.5207,ab42,TRUE,reported,0.00149,6.26e-7,educ,TRUE,reported,K5Q3Oh,2,TRUE,NA
rs11000785,C,T,C,T,-0.00833,0.01303,0.7755,0.715799,FALSE,FALSE,FALSE,7rgHSI,0.004531,0.004052,ab42,TRUE,reported,0.00158,1.32e-7,educ,TRUE,reported,K5Q3Oh,2,TRUE,NA
rs11001973,A,G,A,G,0.00654,2.359e-4,0.5238,0.503665,FALSE,FALSE,FALSE,7rgHSI,0.003996,0.9529,ab42,TRUE,reported,0.0014,3.14e-6,educ,TRUE,reported,K5Q3Oh,2,TRUE,NA
rs11003463,T,G,T,G,0.0091,0.00506,0.6293,0.417231,FALSE,FALSE,FALSE,7rgHSI,0.004395,0.2497,ab42,TRUE,reported,0.00147,5.58e-10,educ,TRUE,reported,K5Q3Oh,2,TRUE,NA
rs11014447,A,T,A,T,-0.01294,-8.046e-4,0.06803,0.0836002,FALSE,TRUE,FALSE,7rgHSI,0.007694,0.9167,ab42,TRUE,reported,0.00274,2.34e-6,educ,TRUE,reported,K5Q3Oh,2,TRUE,NA
rs11021131,T,C,T,C,-0.00718,0.005388,0.6616,0.6947639999999999,FALSE,FALSE,FALSE,7rgHSI,0.004398,0.2206,ab42,TRUE,reported,0.00151,1.95e-6,educ,TRUE,reported,K5Q3Oh,2,TRUE,NA
rs11021432,T,A,T,A,-0.01032,-0.001249,0.619,0.6307670000000001,FALSE,TRUE,FALSE,7rgHSI,0.004144,0.7631,ab42,TRUE,reported,0.00145,1.25e-12,educ,TRUE,reported,K5Q3Oh,2,TRUE,NA
rs11022719,G,A,G,A,-0.0108,0.006566,0.1412,0.164306,FALSE,FALSE,FALSE,7rgHSI,0.00576,0.2544,ab42,TRUE,reported,0.00198,5.17e-8,educ,TRUE,reported,K5Q3Oh,2,TRUE,NA
rs11030084,C,T,C,T,-0.01063,0.004563,0.8078,0.802002,FALSE,FALSE,FALSE,7rgHSI,0.005317,0.3908,ab42,TRUE,reported,0.00181,4.07e-9,educ,TRUE,reported,K5Q3Oh,2,TRUE,NA
rs11030102,C,G,C,G,0.01006,0.00585,0.7534,0.774038,FALSE,TRUE,FALSE,7rgHSI,0.004736,0.2168,ab42,TRUE,reported,0.00161,4.6e-10,educ,TRUE,reported,K5Q3Oh,2,TRUE,NA
rs11037357,A,G,A,G,0.01388,0.009287,0.06803,0.0667847,FALSE,FALSE,FALSE,7rgHSI,0.007674,0.2263,ab42,TRUE,reported,0.00275,4.61e-7,educ,TRUE,reported,K5Q3Oh,2,TRUE,NA
rs11055349,C,T,C,T,-0.00669,5.165e-5,0.4915,0.491746,FALSE,FALSE,FALSE,7rgHSI,0.004281,0.9904,ab42,TRUE,reported,0.0014,1.9e-6,educ,TRUE,reported,K5Q3Oh,2,TRUE,NA
rs11058322,C,T,C,T,0.01041,-0.003682,0.881,0.879381,FALSE,FALSE,FALSE,7rgHSI,0.006247,0.5556,ab42,TRUE,reported,0.00205,3.6e-7,educ,TRUE,reported,K5Q3Oh,2,TRUE,NA
rs1106090,A,G,A,G,0.00935,0.0024,0.6259,0.615507,FALSE,FALSE,FALSE,7rgHSI,0.004115,0.5597,ab42,TRUE,reported,0.00145,1e-10,educ,TRUE,reported,K5Q3Oh,2,TRUE,NA
rs1107162,G,A,G,A,-0.0074400000000000004,-0.00166,0.3673,0.417416,FALSE,FALSE,FALSE,7rgHSI,0.004173,0.6909,ab42,TRUE,reported,0.00143,2.12e-7,educ,TRUE,reported,K5Q3Oh,2,TRUE,NA
rs11076962,T,C,T,C,0.00855,-3.304e-4,0.6888,0.716554,FALSE,FALSE,FALSE,7rgHSI,0.004621,0.943,ab42,TRUE,reported,0.00156,4.29e-8,educ,TRUE,reported,K5Q3Oh,2,TRUE,NA
rs1107871,G,A,G,A,0.00828,-0.00274,0.4422,0.453034,FALSE,FALSE,FALSE,7rgHSI,0.004112,0.5052,ab42,TRUE,reported,0.00141,4.18e-9,educ,TRUE,reported,K5Q3Oh,2,TRUE,NA
rs110797,G,A,G,A,-0.00724,-0.001852,0.3673,0.348614,FALSE,FALSE,FALSE,7rgHSI,0.004236,0.6619,ab42,TRUE,reported,0.00147,8.15e-7,educ,TRUE,reported,K5Q3Oh,2,TRUE,NA
rs11081529,T,C,T,C,0.01255,-3.863e-4,0.7432,0.7247,FALSE,FALSE,FALSE,7rgHSI,0.004768,0.9354,ab42,TRUE,reported,0.00155,5.22e-16,educ,TRUE,reported,K5Q3Oh,2,TRUE,NA
rs11081851,A,G,A,G,-0.00659,0.003782,0.5765,0.561934,FALSE,FALSE,FALSE,7rgHSI,0.00412,0.3588,ab42,TRUE,reported,0.00141,3.04e-6,educ,TRUE,reported,K5Q3Oh,2,TRUE,NA
rs11082011,C,T,C,T,-0.01935,-0.004554,0.352,0.352156,FALSE,FALSE,FALSE,7rgHSI,0.00444,0.3051,ab42,TRUE,reported,0.00149,2.06e-38,educ,TRUE,reported,K5Q3Oh,2,TRUE,NA
rs11082220,A,C,A,C,-0.01038,-0.002261,0.8418,0.839021,FALSE,FALSE,FALSE,7rgHSI,0.005679,0.6906,ab42,TRUE,reported,0.00194,8.62e-8,educ,TRUE,reported,K5Q3Oh,2,TRUE,NA
rs11089019,T,C,T,C,0.00952,0.004439,0.8571,0.861395,FALSE,FALSE,FALSE,7rgHSI,0.005849,0.4479,ab42,TRUE,reported,0.00205,3.26e-6,educ,TRUE,reported,K5Q3Oh,2,TRUE,NA
rs11106947,T,G,T,G,-0.01318,0.01492,0.06803,0.0668309,FALSE,FALSE,FALSE,7rgHSI,0.008402,0.07589,ab42,TRUE,reported,0.00279,2.26e-6,educ,TRUE,reported,K5Q3Oh,2,TRUE,NA
rs11115056,A,G,A,G,0.01868,-0.006332,0.09524,0.0978442,FALSE,FALSE,FALSE,7rgHSI,0.006704,0.3449,ab42,TRUE,reported,0.00235,1.67e-15,educ,TRUE,reported,K5Q3Oh,2,TRUE,NA
rs11121177,A,G,A,G,0.01513,-7.438e-4,0.1803,0.199492,FALSE,FALSE,FALSE,7rgHSI,0.005152,0.8852,ab42,TRUE,reported,0.00183,1.44e-16,educ,TRUE,reported,K5Q3Oh,2,TRUE,NA
rs111235962,T,C,T,C,0.01331,-0.01043,0.09524,0.0811672,FALSE,FALSE,FALSE,7rgHSI,0.006791,0.1249,ab42,TRUE,reported,0.00238,2.21e-8,educ,TRUE,reported,K5Q3Oh,2,TRUE,NA
rs111246959,A,G,A,G,0.01594,0.01532,0.09184,0.0949954,FALSE,FALSE,FALSE,7rgHSI,0.008059,0.0574,ab42,TRUE,reported,0.00243,5.8e-11,educ,TRUE,reported,K5Q3Oh,2,TRUE,NA
rs11124981,A,T,A,T,-0.00943,-9.88e-4,0.784,0.803757,FALSE,TRUE,FALSE,7rgHSI,0.005032,0.8444,ab42,TRUE,reported,0.00176,8.36e-8,educ,TRUE,reported,K5Q3Oh,2,TRUE,NA
rs11125260,G,C,G,C,-0.00699,-0.002246,0.4796,0.49413300000000004,FALSE,TRUE,TRUE,7rgHSI,0.004048,0.579,ab42,TRUE,reported,0.0014,6.48e-7,educ,TRUE,reported,K5Q3Oh,2,FALSE,NA
rs11128212,C,T,C,T,-0.00717,-0.002111,0.5935,0.540145,FALSE,FALSE,FALSE,7rgHSI,0.004026,0.6,ab42,TRUE,reported,0.00142,4.35e-7,educ,TRUE,reported,K5Q3Oh,2,TRUE,NA
rs11129067,T,A,T,A,-0.00795,-0.001784,0.2211,0.2498,FALSE,TRUE,FALSE,7rgHSI,0.004799,0.7102,ab42,TRUE,reported,0.00163,1.12e-6,educ,TRUE,reported,K5Q3Oh,2,TRUE,NA
rs11130380,G,T,G,T,-0.009,7.432e-4,0.398,0.379088,FALSE,FALSE,FALSE,7rgHSI,0.004324,0.8636,ab42,TRUE,reported,0.00144,4.17e-10,educ,TRUE,reported,K5Q3Oh,2,TRUE,NA
rs111327916,A,G,A,G,0.00846,-0.008619,0.2109,0.239329,FALSE,FALSE,FALSE,7rgHSI,0.004854,0.07589,ab42,TRUE,reported,0.00169,5.54e-7,educ,TRUE,reported,K5Q3Oh,2,TRUE,NA
rs111370527,T,C,T,C,0.0151,-0.004692,0.07653,0.0653372,FALSE,FALSE,FALSE,7rgHSI,0.008722,0.5907,ab42,TRUE,reported,0.00267,1.61e-8,educ,TRUE,reported,K5Q3Oh,2,TRUE,NA
rs111377325,G,A,G,A,0.01729,0.001116,0.94558,0.9547274,FALSE,FALSE,FALSE,7rgHSI,0.01025,0.9133,ab42,TRUE,reported,0.00358,1.4e-6,educ,TRUE,reported,K5Q3Oh,2,TRUE,NA
rs11138664,T,C,T,C,0.01418,-0.001575,0.08333,0.0858023,FALSE,FALSE,FALSE,7rgHSI,0.007713,0.8382,ab42,TRUE,reported,0.00262,6.35e-8,educ,TRUE,reported,K5Q3Oh,2,TRUE,NA
rs11138947,C,T,C,T,-0.01048,0.002946,0.267,0.28828200000000004,FALSE,FALSE,FALSE,7rgHSI,0.004473,0.5101,ab42,TRUE,reported,0.00157,2.36e-11,educ,TRUE,reported,K5Q3Oh,2,TRUE,NA
rs11147249,T,C,T,C,-0.01156,-8.968e-4,0.8861,0.9006929,FALSE,FALSE,FALSE,7rgHSI,0.006681,0.8932,ab42,TRUE,reported,0.00232,6.2e-7,educ,TRUE,reported,K5Q3Oh,2,TRUE,NA
rs111520141,G,A,G,A,-0.01756,0.001808,0.97109,0.9702341,FALSE,FALSE,FALSE,7rgHSI,0.0119,0.8792,ab42,TRUE,reported,0.00377,3.12e-6,educ,TRUE,reported,K5Q3Oh,2,TRUE,NA
rs11154134,G,A,G,A,0.00758,-1.601e-5,0.3231,0.293994,FALSE,FALSE,FALSE,7rgHSI,0.004469,0.9971,ab42,TRUE,reported,0.00151,5.32e-7,educ,TRUE,reported,K5Q3Oh,2,TRUE,NA
rs11155813,C,T,C,T,0.01289,-0.008268,0.131,0.115183,FALSE,FALSE,FALSE,7rgHSI,0.00636,0.1937,ab42,TRUE,reported,0.00228,1.57e-8,educ,TRUE,reported,K5Q3Oh,2,TRUE,NA
rs11157931,C,A,C,A,0.01389,0.006026,0.619,0.603372,FALSE,FALSE,FALSE,7rgHSI,0.004215,0.1529,ab42,TRUE,reported,0.00144,3.86e-22,educ,TRUE,reported,K5Q3Oh,2,TRUE,NA
rs11158800,G,A,G,A,0.00915,-0.01004,0.4949,0.495119,FALSE,FALSE,FALSE,7rgHSI,0.004096,0.01429,ab42,TRUE,reported,0.0014,7.15e-11,educ,TRUE,reported,K5Q3Oh,2,TRUE,NA
rs111589071,G,A,G,A,0.0137,0.002351,0.05782,0.0560363,FALSE,FALSE,FALSE,7rgHSI,0.00929,0.8002,ab42,TRUE,reported,0.00296,3.79e-6,educ,TRUE,reported,K5Q3Oh,2,TRUE,NA
rs11160916,G,C,G,C,0.00746,0.003896,0.2806,0.276055,FALSE,TRUE,FALSE,7rgHSI,0.004615,0.3986,ab42,TRUE,reported,0.00157,2.08e-6,educ,TRUE,reported,K5Q3Oh,2,TRUE,NA
rs11165453,G,A,G,A,-0.00798,-8.714e-4,0.2228,0.241669,FALSE,FALSE,FALSE,7rgHSI,0.004672,0.8521,ab42,TRUE,reported,0.0016,6.42e-7,educ,TRUE,reported,K5Q3Oh,2,TRUE,NA
rs11167672,G,T,G,T,0.00726,-0.001458,0.6939,0.685756,FALSE,FALSE,FALSE,7rgHSI,0.004572,0.7499,ab42,TRUE,reported,0.00152,1.82e-6,educ,TRUE,reported,K5Q3Oh,2,TRUE,NA
rs1117152,G,T,G,T,-0.0106,-0.00178,0.3299,0.312981,FALSE,FALSE,FALSE,7rgHSI,0.004385,0.6849,ab42,TRUE,reported,0.00153,4.47e-12,educ,TRUE,reported,K5Q3Oh,2,TRUE,NA
rs11172134,A,T,A,T,-0.00842,0.00017340000000000001,0.1837,0.184416,FALSE,TRUE,FALSE,7rgHSI,0.005056,0.9726,ab42,TRUE,reported,0.00175,1.48e-6,educ,TRUE,reported,K5Q3Oh,2,TRUE,NA
rs11173930,A,G,A,G,0.00729,0.001148,0.5884,0.5685089999999999,FALSE,FALSE,FALSE,7rgHSI,0.004062,0.7775,ab42,TRUE,reported,0.00143,3.47e-7,educ,TRUE,reported,K5Q3Oh,2,TRUE,NA
rs11174399,A,G,A,G,0.01108,0.001393,0.2126,0.190099,FALSE,FALSE,FALSE,7rgHSI,0.005122,0.7856,ab42,TRUE,reported,0.00175,2.42e-10,educ,TRUE,reported,K5Q3Oh,2,TRUE,NA
rs111821073,C,T,C,T,-0.01243,-0.0045,0.8367,0.850939,FALSE,FALSE,FALSE,7rgHSI,0.00555,0.4175,ab42,TRUE,reported,0.00194,1.58e-10,educ,TRUE,reported,K5Q3Oh,2,TRUE,NA
rs111905286,G,T,G,T,0.01871,-0.008719,0.02551,0.0362488,FALSE,FALSE,FALSE,7rgHSI,0.009323,0.3498,ab42,TRUE,reported,0.00354,1.27e-7,educ,TRUE,reported,K5Q3Oh,2,TRUE,NA
rs11190955,T,C,T,C,-0.00827,-0.004399,0.3452,0.344148,FALSE,FALSE,FALSE,7rgHSI,0.004244,0.3001,ab42,TRUE,reported,0.00147,1.74e-8,educ,TRUE,reported,K5Q3Oh,2,TRUE,NA
rs11196397,C,A,C,A,-0.00747,-0.002293,0.7245,0.7384200000000001,FALSE,FALSE,FALSE,7rgHSI,0.004707,0.6263,ab42,TRUE,reported,0.00156,1.82e-6,educ,TRUE,reported,K5Q3Oh,2,TRUE,NA
rs1120924,C,T,C,T,-0.01084,-0.001389,0.699,0.6975979999999999,FALSE,FALSE,FALSE,7rgHSI,0.004346,0.7493,ab42,TRUE,reported,0.00148,2.79e-13,educ,TRUE,reported,K5Q3Oh,2,TRUE,NA
rs11209894,A,G,A,G,0.01193,0.002747,0.1037,0.13474,FALSE,FALSE,FALSE,7rgHSI,0.006001,0.6472,ab42,TRUE,reported,0.00207,8.03e-9,educ,TRUE,reported,K5Q3Oh,2,TRUE,NA
rs11210400,A,C,A,C,0.01199,-0.004211,0.5289,0.524299,FALSE,FALSE,FALSE,7rgHSI,0.004042,0.2976,ab42,TRUE,reported,0.00141,1.63e-17,educ,TRUE,reported,K5Q3Oh,2,TRUE,NA
rs11211123,G,A,G,A,-0.01037,-0.002945,0.7636,0.772236,FALSE,FALSE,FALSE,7rgHSI,0.004861,0.5447,ab42,TRUE,reported,0.00169,7.62e-10,educ,TRUE,reported,K5Q3Oh,2,TRUE,NA
rs112115507,G,A,G,A,0.01907,-0.0159,0.97109,0.9609486,FALSE,FALSE,FALSE,7rgHSI,0.01184,0.1792,ab42,TRUE,reported,0.00381,5.46e-7,educ,TRUE,reported,K5Q3Oh,2,TRUE,NA
rs11218606,C,A,C,A,-0.01471,-0.003447,0.94558,0.9377425,FALSE,FALSE,FALSE,7rgHSI,0.00893,0.6996,ab42,TRUE,reported,0.00308,1.72e-6,educ,TRUE,reported,K5Q3Oh,2,TRUE,NA
rs112210983,A,G,A,G,0.01052,0.004291,0.2041,0.236064,FALSE,FALSE,FALSE,7rgHSI,0.004841,0.3755,ab42,TRUE,reported,0.00167,2.66e-10,educ,TRUE,reported,K5Q3Oh,2,TRUE,NA
rs112234653,G,T,G,T,-0.01833,0.005112,0.03741,0.0457191,FALSE,FALSE,FALSE,7rgHSI,0.01109,0.645,ab42,TRUE,reported,0.00367,5.76e-7,educ,TRUE,reported,K5Q3Oh,2,TRUE,NA
rs112246428,T,A,T,A,-0.01194,-0.003502,0.1105,0.109486,FALSE,TRUE,FALSE,7rgHSI,0.00639,0.5837,ab42,TRUE,reported,0.00228,1.61e-7,educ,TRUE,reported,K5Q3Oh,2,TRUE,NA
rs112279125,C,T,C,T,0.01651,0.002713,0.93878,0.9541115,FALSE,FALSE,FALSE,7rgHSI,0.009672,0.7791,ab42,TRUE,reported,0.00334,7.61e-7,educ,TRUE,reported,K5Q3Oh,2,TRUE,NA
rs11231643,C,T,C,T,-0.0071,0.00124,0.6122,0.651663,FALSE,FALSE,FALSE,7rgHSI,0.004254,0.7707,ab42,TRUE,reported,0.00145,9.2e-7,educ,TRUE,reported,K5Q3Oh,2,TRUE,NA
rs112321754,C,T,C,T,-0.01703,-0.008706,0.97619,0.9602094,FALSE,FALSE,FALSE,7rgHSI,0.009995,0.3838,ab42,TRUE,reported,0.00348,1.01e-6,educ,TRUE,reported,K5Q3Oh,2,TRUE,NA
rs1123285,G,C,G,C,0.00942,0.004312,0.3418,0.339452,FALSE,TRUE,FALSE,7rgHSI,0.004382,0.3252,ab42,TRUE,reported,0.00149,2.38e-10,educ,TRUE,reported,K5Q3Oh,2,TRUE,NA
rs11235803,G,A,G,A,-0.01145,0.002954,0.91837,0.9062981,FALSE,FALSE,FALSE,7rgHSI,0.006838,0.6658,ab42,TRUE,reported,0.00237,1.4e-6,educ,TRUE,reported,K5Q3Oh,2,TRUE,NA
rs112369919,C,G,C,G,-0.01125,0.00874,0.1207,0.109116,FALSE,TRUE,FALSE,7rgHSI,0.006444,0.1751,ab42,TRUE,reported,0.00227,6.94e-7,educ,TRUE,reported,K5Q3Oh,2,TRUE,NA
rs112379405,C,G,C,G,-0.00816,-0.006411,0.5748,0.568802,FALSE,TRUE,TRUE,7rgHSI,0.00414,0.1216,ab42,TRUE,reported,0.00141,7.1e-9,educ,TRUE,reported,K5Q3Oh,2,FALSE,NA
rs112444890,T,A,T,A,0.00892,0.002008,0.8384,0.8357410000000001,FALSE,TRUE,FALSE,7rgHSI,0.005765,0.7276,ab42,TRUE,reported,0.00193,3.7e-6,educ,TRUE,reported,K5Q3Oh,2,TRUE,NA
rs112512729,G,T,G,T,0.01663,-0.01703,0.06122,0.0571451,FALSE,FALSE,FALSE,7rgHSI,0.00834,0.04119,ab42,TRUE,reported,0.00272,9.91e-10,educ,TRUE,reported,K5Q3Oh,2,TRUE,NA
rs11252624,C,T,C,T,0.0079,0.005303,0.7092,0.687881,FALSE,FALSE,FALSE,7rgHSI,0.004345,0.2223,ab42,TRUE,reported,0.0015,1.47e-7,educ,TRUE,reported,K5Q3Oh,2,TRUE,NA
rs112561111,T,C,T,C,-0.01954,0.004156,0.03061,0.0320758,FALSE,FALSE,FALSE,7rgHSI,0.01102,0.7061,ab42,TRUE,reported,0.0038,2.65e-7,educ,TRUE,reported,K5Q3Oh,2,TRUE,NA
rs11258469,T,C,T,C,-0.0068,-0.004334,0.6514,0.633107,FALSE,FALSE,FALSE,7rgHSI,0.004206,0.3028,ab42,TRUE,reported,0.00146,3.15e-6,educ,TRUE,reported,K5Q3Oh,2,TRUE,NA
rs112603734,C,A,C,A,0.01307,-0.003178,0.2398,0.227718,FALSE,FALSE,FALSE,7rgHSI,0.004888,0.5156,ab42,TRUE,reported,0.0022,2.72e-9,educ,TRUE,reported,K5Q3Oh,2,TRUE,NA
rs11265191,T,C,T,C,0.00832,0.002544,0.3231,0.337281,FALSE,FALSE,FALSE,7rgHSI,0.004263,0.5507,ab42,TRUE,reported,0.00149,2.14e-8,educ,TRUE,reported,K5Q3Oh,2,TRUE,NA
rs112806496,G,C,G,C,0.016,-0.01265,0.08503,0.0724823,FALSE,TRUE,FALSE,7rgHSI,0.007945,0.1114,ab42,TRUE,reported,0.00251,1.72e-10,educ,TRUE,reported,K5Q3Oh,2,TRUE,NA
rs113205706,A,G,A,G,-0.01346,0.006526,0.08333,0.0934401,FALSE,FALSE,FALSE,7rgHSI,0.007255,0.3685,ab42,TRUE,reported,0.0024,2e-8,educ,TRUE,reported,K5Q3Oh,2,TRUE,NA
rs113238975,T,C,T,C,0.01986,-0.01059,0.02551,0.034555,FALSE,FALSE,FALSE,7rgHSI,0.01268,0.4036,ab42,TRUE,reported,0.00433,4.52e-6,educ,TRUE,reported,K5Q3Oh,2,TRUE,NA
rs113409105,G,A,G,A,0.02215,7.138e-4,0.02551,0.0292578,FALSE,FALSE,FALSE,7rgHSI,0.01213,0.9531,ab42,TRUE,reported,0.00416,1.04e-7,educ,TRUE,reported,K5Q3Oh,2,TRUE,NA
rs113520408,A,G,A,G,0.01548,-0.004922,0.2857,0.261303,FALSE,FALSE,FALSE,7rgHSI,0.004674,0.2924,ab42,TRUE,reported,0.00158,1.03e-22,educ,TRUE,reported,K5Q3Oh,2,TRUE,NA
rs113588399,T,C,T,C,-0.01041,-0.005509,0.1769,0.197998,FALSE,FALSE,FALSE,7rgHSI,0.004986,0.2693,ab42,TRUE,reported,0.00173,1.67e-9,educ,TRUE,reported,K5Q3Oh,2,TRUE,NA
rs113615161,T,C,T,C,-0.01228,-0.006384,0.1395,0.126147,FALSE,FALSE,FALSE,7rgHSI,0.006133,0.2979,ab42,TRUE,reported,0.00207,2.98e-9,educ,TRUE,reported,K5Q3Oh,2,TRUE,NA
rs113762480,G,T,G,T,0.01074,-0.007083,0.8929,0.9125192,FALSE,FALSE,FALSE,7rgHSI,0.007094,0.3181,ab42,TRUE,reported,0.00235,4.93e-6,educ,TRUE,reported,K5Q3Oh,2,TRUE,NA
rs113938506,A,G,A,G,-0.01505,0.001519,0.05102,0.0423622,FALSE,FALSE,FALSE,7rgHSI,0.01076,0.8877,ab42,TRUE,reported,0.00299,4.92e-7,educ,TRUE,reported,K5Q3Oh,2,TRUE,NA
rs114306800,C,T,C,T,-0.01435,-0.01078,0.93537,0.9434709,FALSE,FALSE,FALSE,7rgHSI,0.0093,0.2465,ab42,TRUE,reported,0.00305,2.58e-6,educ,TRUE,reported,K5Q3Oh,2,TRUE,NA
rs114468556,T,A,T,A,-0.02933,-0.006528,0.97109,0.9629196,FALSE,TRUE,FALSE,7rgHSI,0.01057,0.5368,ab42,TRUE,reported,0.00357,1.99e-16,educ,TRUE,reported,K5Q3Oh,2,TRUE,NA
rs114593137,T,A,T,A,0.01223,-0.005809,0.2228,0.195735,FALSE,TRUE,FALSE,7rgHSI,0.005114,0.256,ab42,TRUE,reported,0.00173,1.65e-12,educ,TRUE,reported,K5Q3Oh,2,TRUE,NA
rs1146079,C,G,C,G,-0.00873,0.001743,0.7211,0.746012,FALSE,TRUE,FALSE,7rgHSI,0.004638,0.7071,ab42,TRUE,reported,0.00159,4.24e-8,educ,TRUE,reported,K5Q3Oh,2,TRUE,NA
rs11466573,T,C,T,C,0.00664,-0.001696,0.4643,0.46834,FALSE,FALSE,FALSE,7rgHSI,0.003984,0.6703,ab42,TRUE,reported,0.00141,2.43e-6,educ,TRUE,reported,K5Q3Oh,2,TRUE,NA
rs114720347,T,G,T,G,-0.02415,-0.005648,0.96088,0.9687558000000001,FALSE,FALSE,FALSE,7rgHSI,0.01192,0.6357,ab42,TRUE,reported,0.00449,7.6e-8,educ,TRUE,reported,K5Q3Oh,2,TRUE,NA
rs114810763,A,G,A,G,-0.01211,-0.006744,0.1548,0.168371,FALSE,FALSE,FALSE,7rgHSI,0.005852,0.2493,ab42,TRUE,reported,0.00202,1.98e-9,educ,TRUE,reported,K5Q3Oh,2,TRUE,NA
rs1148547,T,C,T,C,-0.00658,-0.005733,0.5085,0.492193,FALSE,FALSE,FALSE,7rgHSI,0.004183,0.1706,ab42,TRUE,reported,0.0014,2.69e-6,educ,TRUE,reported,K5Q3Oh,2,TRUE,NA
rs1149558,C,T,C,T,-0.00848,-0.001445,0.4082,0.394518,FALSE,FALSE,FALSE,7rgHSI,0.004239,0.7332,ab42,TRUE,reported,0.00144,3.84e-9,educ,TRUE,reported,K5Q3Oh,2,TRUE,NA
rs1149713,T,C,T,C,-0.00714,-0.00228,0.4847,0.51061,FALSE,FALSE,FALSE,7rgHSI,0.004008,0.5695,ab42,TRUE,reported,0.0014,3.58e-7,educ,TRUE,reported,K5Q3Oh,2,TRUE,NA
rs115000530,T,A,T,A,0.02499,-0.01141,0.06122,0.0509085,FALSE,TRUE,FALSE,7rgHSI,0.009148,0.2123,ab42,TRUE,reported,0.00312,1.09e-15,educ,TRUE,reported,K5Q3Oh,2,TRUE,NA
rs115084931,A,G,A,G,-0.02285,-0.001822,0.96769,0.9660456,FALSE,FALSE,FALSE,7rgHSI,0.01348,0.8925,ab42,TRUE,reported,0.00439,1.94e-7,educ,TRUE,reported,K5Q3Oh,2,TRUE,NA
rs1151282,C,A,C,A,-0.00738,-0.001019,0.7313,0.703496,FALSE,FALSE,FALSE,7rgHSI,0.004413,0.8173,ab42,TRUE,reported,0.00156,2.25e-6,educ,TRUE,reported,K5Q3Oh,2,TRUE,NA
rs1152470,A,G,A,G,-0.00677,-0.005257,0.5357,0.561195,FALSE,FALSE,FALSE,7rgHSI,0.004005,0.1894,ab42,TRUE,reported,0.00142,1.85e-6,educ,TRUE,reported,K5Q3Oh,2,TRUE,NA
rs11527317,T,G,T,G,0.01028,-0.003512,0.1446,0.162196,FALSE,FALSE,FALSE,7rgHSI,0.005671,0.5358,ab42,TRUE,reported,0.00192,8.85e-8,educ,TRUE,reported,K5Q3Oh,2,TRUE,NA
rs11535405,A,G,A,G,-0.00779,0.00516,0.7024,0.677133,FALSE,FALSE,FALSE,7rgHSI,0.004326,0.233,ab42,TRUE,reported,0.00149,1.73e-7,educ,TRUE,reported,K5Q3Oh,2,TRUE,NA
rs115355405,T,C,T,C,0.02594,-0.008218,0.97279,0.9773483,FALSE,FALSE,FALSE,7rgHSI,0.0142,0.5629,ab42,TRUE,reported,0.00433,2.12e-9,educ,TRUE,reported,K5Q3Oh,2,TRUE,NA
rs11542663,C,A,C,A,-0.01116,0.004938,0.3316,0.33745000000000003,FALSE,FALSE,FALSE,7rgHSI,0.004328,0.254,ab42,TRUE,reported,0.00152,2.44e-13,educ,TRUE,reported,K5Q3Oh,2,TRUE,NA
rs115438240,G,T,G,T,0.01687,0.01355,0.06463,0.0482753,FALSE,FALSE,FALSE,7rgHSI,0.009071,0.1352,ab42,TRUE,reported,0.00304,2.96e-8,educ,TRUE,reported,K5Q3Oh,2,TRUE,NA
rs11545169,G,T,G,T,0.01014,-0.003943,0.8571,0.841099,FALSE,FALSE,FALSE,7rgHSI,0.005849,0.5003,ab42,TRUE,reported,0.00193,1.55e-7,educ,TRUE,reported,K5Q3Oh,2,TRUE,NA
rs1154780,A,G,A,G,0.00705,-0.01156,0.5391,0.54093,FALSE,FALSE,FALSE,7rgHSI,0.004283,0.006989,ab42,TRUE,reported,0.00141,5.73e-7,educ,TRUE,reported,K5Q3Oh,2,TRUE,NA
rs1157078,T,C,T,C,-0.00801,-0.004903,0.2687,0.26512199999999997,FALSE,FALSE,FALSE,7rgHSI,0.00455,0.2813,ab42,TRUE,reported,0.0016,5.51e-7,educ,TRUE,reported,K5Q3Oh,2,TRUE,NA
rs11579167,G,A,G,A,-0.00847,-0.002741,0.199,0.220634,FALSE,FALSE,FALSE,7rgHSI,0.00509,0.5902,ab42,TRUE,reported,0.00175,1.2e-6,educ,TRUE,reported,K5Q3Oh,2,TRUE,NA
rs11588857,G,A,G,A,-0.01985,0.009462,0.7721,0.798845,FALSE,FALSE,FALSE,7rgHSI,0.004904,0.05375,ab42,TRUE,reported,0.00171,4.45e-31,educ,TRUE,reported,K5Q3Oh,2,TRUE,NA
rs11589090,T,C,T,C,-0.00942,0.003291,0.2058,0.184955,FALSE,FALSE,FALSE,7rgHSI,0.005288,0.5338,ab42,TRUE,reported,0.00183,2.44e-7,educ,TRUE,reported,K5Q3Oh,2,TRUE,NA
rs11591870,T,C,T,C,0.00977,0.00967,0.8384,0.8091470000000001,FALSE,FALSE,FALSE,7rgHSI,0.00526,0.06612,ab42,TRUE,reported,0.00175,2.25e-8,educ,TRUE,reported,K5Q3Oh,2,TRUE,NA
rs11592299,A,G,A,G,0.00969,0.003309,0.1922,0.18725,FALSE,FALSE,FALSE,7rgHSI,0.00509,0.5157,ab42,TRUE,reported,0.00177,4.19e-8,educ,TRUE,reported,K5Q3Oh,2,TRUE,NA
rs115923660,T,C,T,C,-0.0186,-8.329e-4,0.03401,0.0300277,FALSE,FALSE,FALSE,7rgHSI,0.01199,0.9446,ab42,TRUE,reported,0.00392,2.06e-6,educ,TRUE,reported,K5Q3Oh,2,TRUE,NA
rs11595166,T,C,T,C,0.01428,0.003693,0.08163,0.0761318,FALSE,FALSE,FALSE,7rgHSI,0.007933,0.6416,ab42,TRUE,reported,0.00263,5.65e-8,educ,TRUE,reported,K5Q3Oh,2,TRUE,NA
rs11595206,T,C,T,C,-0.01284,0.003784,0.07313,0.0646751,FALSE,FALSE,FALSE,7rgHSI,0.008695,0.6635,ab42,TRUE,reported,0.00272,2.32e-6,educ,TRUE,reported,K5Q3Oh,2,TRUE,NA
rs11596387,G,T,G,T,-0.02582,0.002561,0.96599,0.9707114,FALSE,FALSE,FALSE,7rgHSI,0.01459,0.8607,ab42,TRUE,reported,0.00461,2.2e-8,educ,TRUE,reported,K5Q3Oh,2,TRUE,NA
rs115974143,G,A,G,A,-0.01405,-5.776e-4,0.94218,0.9455651,FALSE,FALSE,FALSE,7rgHSI,0.009649,0.9523,ab42,TRUE,reported,0.00288,1.05e-6,educ,TRUE,reported,K5Q3Oh,2,TRUE,NA
rs11597723,G,A,G,A,0.01286,-0.006075,0.91837,0.9321988999999999,FALSE,FALSE,FALSE,7rgHSI,0.008082,0.4524,ab42,TRUE,reported,0.00267,1.4e-6,educ,TRUE,reported,K5Q3Oh,2,TRUE,NA
rs11598765,G,A,G,A,0.01063,0.003604,0.7993,0.788281,FALSE,FALSE,FALSE,7rgHSI,0.004993,0.4704,ab42,TRUE,reported,0.00176,1.73e-9,educ,TRUE,reported,K5Q3Oh,2,TRUE,NA
rs11599236,T,C,T,C,-0.0106,-0.003481,0.5748,0.558238,FALSE,FALSE,FALSE,7rgHSI,0.004198,0.4071,ab42,TRUE,reported,0.00142,9.94e-14,educ,TRUE,reported,K5Q3Oh,2,TRUE,NA
rs11607341,T,C,T,C,0.01392,0.0127,0.93707,0.9302741,FALSE,FALSE,FALSE,7rgHSI,0.009766,0.1936,ab42,TRUE,reported,0.00295,2.38e-6,educ,TRUE,reported,K5Q3Oh,2,TRUE,NA
rs11609711,C,G,C,G,0.00982,0.002667,0.1582,0.142824,FALSE,TRUE,FALSE,7rgHSI,0.005973,0.6553,ab42,TRUE,reported,0.002,9.07e-7,educ,TRUE,reported,K5Q3Oh,2,TRUE,NA
rs11613431,G,A,G,A,0.0094,0.004753,0.7041,0.749892,FALSE,FALSE,FALSE,7rgHSI,0.004575,0.2989,ab42,TRUE,reported,0.00162,6.71e-9,educ,TRUE,reported,K5Q3Oh,2,TRUE,NA
rs116175783,G,C,G,C,-0.0224,0.02523,0.97449,0.9611949,FALSE,TRUE,FALSE,7rgHSI,0.01122,0.02462,ab42,TRUE,reported,0.0034,4.58e-11,educ,TRUE,reported,K5Q3Oh,2,TRUE,NA
rs11620355,G,A,G,A,-0.0182,-0.003118,0.8844,0.911041,FALSE,FALSE,FALSE,7rgHSI,0.007375,0.6725,ab42,TRUE,reported,0.00245,1.09e-13,educ,TRUE,reported,K5Q3Oh,2,TRUE,NA
rs11623285,G,T,G,T,0.01353,0.001314,0.1207,0.128134,FALSE,FALSE,FALSE,7rgHSI,0.006096,0.8293,ab42,TRUE,reported,0.00206,5.58e-11,educ,TRUE,reported,K5Q3Oh,2,TRUE,NA
rs11635084,G,A,G,A,-0.00748,-0.001697,0.3895,0.409578,FALSE,FALSE,FALSE,7rgHSI,0.004115,0.6801,ab42,TRUE,reported,0.00144,1.98e-7,educ,TRUE,reported,K5Q3Oh,2,TRUE,NA
rs116386746,C,G,C,G,0.02485,-0.001198,0.03061,0.0258084,FALSE,TRUE,FALSE,7rgHSI,0.01412,0.9324,ab42,TRUE,reported,0.00454,4.35e-8,educ,TRUE,reported,K5Q3Oh,2,TRUE,NA
rs11640569,A,G,A,G,0.01116,0.001355,0.1616,0.138158,FALSE,FALSE,FALSE,7rgHSI,0.005984,0.8209,ab42,TRUE,reported,0.00201,2.77e-8,educ,TRUE,reported,K5Q3Oh,2,TRUE,NA
rs11644446,A,G,A,G,0.01168,0.001669,0.1769,0.164121,FALSE,FALSE,FALSE,7rgHSI,0.005678,0.7688,ab42,TRUE,reported,0.00194,1.61e-9,educ,TRUE,reported,K5Q3Oh,2,TRUE,NA
rs11644738,T,C,T,C,0.00674,-4.348e-4,0.3895,0.371204,FALSE,FALSE,FALSE,7rgHSI,0.0043,0.9195,ab42,TRUE,reported,0.00143,2.42e-6,educ,TRUE,reported,K5Q3Oh,2,TRUE,NA
rs116466121,T,A,T,A,-0.01217,0.001845,0.1105,0.122667,FALSE,TRUE,FALSE,7rgHSI,0.006216,0.7667,ab42,TRUE,reported,0.00224,5.78e-8,educ,TRUE,reported,K5Q3Oh,2,TRUE,NA
rs11647188,A,G,A,G,0.00786,-0.002197,0.5816,0.590206,FALSE,FALSE,FALSE,7rgHSI,0.0044,0.6175,ab42,TRUE,reported,0.00144,4.92e-8,educ,TRUE,reported,K5Q3Oh,2,TRUE,NA
rs11652522,C,A,C,A,0.01537,0.007903,0.91497,0.896643,FALSE,FALSE,FALSE,7rgHSI,0.006758,0.2423,ab42,TRUE,reported,0.0023,2.29e-11,educ,TRUE,reported,K5Q3Oh,2,TRUE,NA
rs11656071,T,C,T,C,0.00921,-0.01008,0.1956,0.182445,FALSE,FALSE,FALSE,7rgHSI,0.005099,0.04809,ab42,TRUE,reported,0.00173,1.01e-7,educ,TRUE,reported,K5Q3Oh,2,TRUE,NA
rs11657979,A,G,A,G,-0.00905,7.321e-4,0.2279,0.244333,FALSE,FALSE,FALSE,7rgHSI,0.004914,0.8816,ab42,TRUE,reported,0.00166,4.57e-8,educ,TRUE,reported,K5Q3Oh,2,TRUE,NA
rs11660312,A,G,A,G,0.01113,-0.007559,0.1327,0.113212,FALSE,FALSE,FALSE,7rgHSI,0.006454,0.2416,ab42,TRUE,reported,0.00242,4.32e-6,educ,TRUE,reported,K5Q3Oh,2,TRUE,NA
rs11661422,C,A,C,A,0.01151,0.002531,0.90986,0.9117185,FALSE,FALSE,FALSE,7rgHSI,0.007137,0.7229,ab42,TRUE,reported,0.00251,4.42e-6,educ,TRUE,reported,K5Q3Oh,2,TRUE,NA
rs11663409,C,T,C,T,0.00647,-0.00279,0.5187,0.49815199999999993,FALSE,FALSE,FALSE,7rgHSI,0.004063,0.4923,ab42,TRUE,reported,0.00141,4.21e-6,educ,TRUE,reported,K5Q3Oh,2,TRUE,NA
rs11663602,A,C,A,C,-0.01304,-0.00428,0.2568,0.285479,FALSE,FALSE,FALSE,7rgHSI,0.004589,0.351,ab42,TRUE,reported,0.00157,9.27e-17,educ,TRUE,reported,K5Q3Oh,2,TRUE,NA
rs11663678,C,T,C,T,0.0121,-0.001426,0.1259,0.102541,FALSE,FALSE,FALSE,7rgHSI,0.006371,0.8229,ab42,TRUE,reported,0.00219,3.42e-8,educ,TRUE,reported,K5Q3Oh,2,TRUE,NA
rs116656374,T,G,T,G,-0.02423,0.001164,0.04762,0.0361718,FALSE,FALSE,FALSE,7rgHSI,0.01179,0.9214,ab42,TRUE,reported,0.00384,2.95e-10,educ,TRUE,reported,K5Q3Oh,2,TRUE,NA
rs11675476,T,C,T,C,-0.01271,-0.001304,0.5221,0.511103,FALSE,FALSE,FALSE,7rgHSI,0.004008,0.745,ab42,TRUE,reported,0.0014,1.37e-19,educ,TRUE,reported,K5Q3Oh,2,TRUE,NA
rs11677270,G,A,G,A,-0.0102,-0.003708,0.8741,0.83494,FALSE,FALSE,FALSE,7rgHSI,0.005399,0.4923,ab42,TRUE,reported,0.00194,1.47e-7,educ,TRUE,reported,K5Q3Oh,2,TRUE,NA
rs1167827,G,A,G,A,-0.01041,-0.001019,0.5663,0.552202,FALSE,FALSE,FALSE,7rgHSI,0.004235,0.8099,ab42,TRUE,reported,0.00143,2.93e-13,educ,TRUE,reported,K5Q3Oh,2,TRUE,NA
rs11683207,C,T,C,T,-0.0109,0.00528,0.1548,0.174484,FALSE,FALSE,FALSE,7rgHSI,0.005537,0.3404,ab42,TRUE,reported,0.00185,3.97e-9,educ,TRUE,reported,K5Q3Oh,2,TRUE,NA
rs11683877,A,G,A,G,-0.00747,2.329e-4,0.2551,0.290052,FALSE,FALSE,FALSE,7rgHSI,0.004544,0.9591,ab42,TRUE,reported,0.00153,1.12e-6,educ,TRUE,reported,K5Q3Oh,2,TRUE,NA
rs11685902,T,C,T,C,0.00701,0.001705,0.5391,0.538435,FALSE,FALSE,FALSE,7rgHSI,0.004096,0.6773,ab42,TRUE,reported,0.00143,1e-6,educ,TRUE,reported,K5Q3Oh,2,TRUE,NA
rs11687736,A,T,A,T,-0.01054,4.133e-4,0.6786,0.6724049999999999,FALSE,TRUE,FALSE,7rgHSI,0.004356,0.9244,ab42,TRUE,reported,0.00152,4.66e-12,educ,TRUE,reported,K5Q3Oh,2,TRUE,NA
rs11693885,A,G,A,G,-0.00908,0.001113,0.4116,0.435664,FALSE,FALSE,FALSE,7rgHSI,0.004164,0.7893,ab42,TRUE,reported,0.00141,1.22e-10,educ,TRUE,reported,K5Q3Oh,2,TRUE,NA
rs117005905,T,C,T,C,0.01503,0.001121,0.119,0.116261,FALSE,FALSE,FALSE,7rgHSI,0.006178,0.856,ab42,TRUE,reported,0.00221,9.35e-12,educ,TRUE,reported,K5Q3Oh,2,TRUE,NA
rs11703948,A,G,A,G,-0.01682,0.003354,0.92517,0.9142593,FALSE,FALSE,FALSE,7rgHSI,0.007212,0.6419,ab42,TRUE,reported,0.00237,1.26e-12,educ,TRUE,reported,K5Q3Oh,2,TRUE,NA
rs117047767,C,T,C,T,0.01671,0.01352,0.94558,0.9606714,FALSE,FALSE,FALSE,7rgHSI,0.01173,0.2493,ab42,TRUE,reported,0.00357,2.85e-6,educ,TRUE,reported,K5Q3Oh,2,TRUE,NA
rs11708163,G,T,G,T,0.0076,8.926e-4,0.4762,0.46732399999999996,FALSE,FALSE,FALSE,7rgHSI,0.004128,0.8288,ab42,TRUE,reported,0.00141,6.63e-8,educ,TRUE,reported,K5Q3Oh,2,TRUE,NA
rs11709770,A,T,A,T,0.00696,-0.00494,0.6735,0.651494,FALSE,TRUE,FALSE,7rgHSI,0.004174,0.2367,ab42,TRUE,reported,0.00146,1.89e-6,educ,TRUE,reported,K5Q3Oh,2,TRUE,NA
rs1171040,A,G,A,G,-0.0113,-0.002265,0.7755,0.788728,FALSE,FALSE,FALSE,7rgHSI,0.004885,0.6429,ab42,TRUE,reported,0.00172,5.07e-11,educ,TRUE,reported,K5Q3Oh,2,TRUE,NA
rs11710447,T,C,T,C,-0.00693,5.367e-4,0.5476,0.562873,FALSE,FALSE,FALSE,7rgHSI,0.004285,0.9004,ab42,TRUE,reported,0.00141,8.27e-7,educ,TRUE,reported,K5Q3Oh,2,TRUE,NA
rs117120958,C,G,C,G,-0.02371,-0.006575,0.03231,0.025716,FALSE,TRUE,FALSE,7rgHSI,0.01404,0.6395,ab42,TRUE,reported,0.00497,1.86e-6,educ,TRUE,reported,K5Q3Oh,2,TRUE,NA
rs11715005,G,A,G,A,0.00802,-0.007013,0.7534,0.741546,FALSE,FALSE,FALSE,7rgHSI,0.00461,0.1283,ab42,TRUE,reported,0.00163,8.15e-7,educ,TRUE,reported,K5Q3Oh,2,TRUE,NA
rs11716398,A,G,A,G,0.01588,0.008278,0.8707,0.865199,FALSE,FALSE,FALSE,7rgHSI,0.005833,0.1559,ab42,TRUE,reported,0.00207,1.89e-14,educ,TRUE,reported,K5Q3Oh,2,TRUE,NA
rs11720093,T,C,T,C,0.01503,0.008866,0.09354,0.0778411,FALSE,FALSE,FALSE,7rgHSI,0.007698,0.2496,ab42,TRUE,reported,0.00259,6.48e-9,educ,TRUE,reported,K5Q3Oh,2,TRUE,NA
rs11720985,T,C,T,C,0.00848,-0.004942,0.3418,0.294025,FALSE,FALSE,FALSE,7rgHSI,0.004604,0.2833,ab42,TRUE,reported,0.00152,2.57e-8,educ,TRUE,reported,K5Q3Oh,2,TRUE,NA
rs11724690,G,T,G,T,-0.00928,-0.005536,0.6803,0.717139,FALSE,FALSE,FALSE,7rgHSI,0.004448,0.2133,ab42,TRUE,reported,0.00155,2.08e-9,educ,TRUE,reported,K5Q3Oh,2,TRUE,NA
rs117251479,A,G,A,G,0.01816,1.587e-4,0.05272,0.0407915,FALSE,FALSE,FALSE,7rgHSI,0.01014,0.9875,ab42,TRUE,reported,0.00344,1.31e-7,educ,TRUE,reported,K5Q3Oh,2,TRUE,NA
rs11732160,G,A,G,A,-0.01049,0.01317,0.3197,0.29207,FALSE,FALSE,FALSE,7rgHSI,0.004485,0.003333,ab42,TRUE,reported,0.00155,1.46e-11,educ,TRUE,reported,K5Q3Oh,2,TRUE,NA
rs11732657,A,G,A,G,-0.01265,0.00322,0.7007,0.715845,FALSE,FALSE,FALSE,7rgHSI,0.004698,0.4932,ab42,TRUE,reported,0.00162,6.24e-15,educ,TRUE,reported,K5Q3Oh,2,TRUE,NA
rs11732852,C,T,C,T,0.00729,-0.001617,0.3861,0.35016899999999995,FALSE,FALSE,FALSE,7rgHSI,0.004311,0.7076,ab42,TRUE,reported,0.00148,8.15e-7,educ,TRUE,reported,K5Q3Oh,2,TRUE,NA
rs11732880,T,C,T,C,0.01067,0.002836,0.15310000000000001,0.15271,FALSE,FALSE,FALSE,7rgHSI,0.0056,0.6126,ab42,TRUE,reported,0.00204,1.59e-7,educ,TRUE,reported,K5Q3Oh,2,TRUE,NA
rs11733439,G,A,G,A,0.00962,-0.003839,0.182,0.212134,FALSE,FALSE,FALSE,7rgHSI,0.004943,0.4374,ab42,TRUE,reported,0.00172,2.1e-8,educ,TRUE,reported,K5Q3Oh,2,TRUE,NA
rs11736863,A,G,A,G,0.01423,0.006255,0.1599,0.17567,FALSE,FALSE,FALSE,7rgHSI,0.005177,0.227,ab42,TRUE,reported,0.0018,2.56e-15,educ,TRUE,reported,K5Q3Oh,2,TRUE,NA
rs117398064,C,G,C,G,-0.01414,0.00201,0.08844,0.0839082,FALSE,TRUE,FALSE,7rgHSI,0.007638,0.7925,ab42,TRUE,reported,0.00248,1.16e-8,educ,TRUE,reported,K5Q3Oh,2,TRUE,NA
rs117399855,G,A,G,A,-0.01072,0.004493,0.8861,0.901971,FALSE,FALSE,FALSE,7rgHSI,0.006703,0.5027,ab42,TRUE,reported,0.00231,3.63e-6,educ,TRUE,reported,K5Q3Oh,2,TRUE,NA
rs11742189,C,G,C,G,0.01019,-0.005689,0.15310000000000001,0.148106,FALSE,TRUE,FALSE,7rgHSI,0.006096,0.3507,ab42,TRUE,reported,0.00203,5.25e-7,educ,TRUE,reported,K5Q3Oh,2,TRUE,NA
rs11744443,T,C,T,C,0.00674,-7.122e-4,0.5034,0.558731,FALSE,FALSE,FALSE,7rgHSI,0.004053,0.8605,ab42,TRUE,reported,0.0014,1.59e-6,educ,TRUE,reported,K5Q3Oh,2,TRUE,NA
rs11749676,G,A,G,A,-0.00676,-0.002716,0.5816,0.622606,FALSE,FALSE,FALSE,7rgHSI,0.004196,0.5175,ab42,TRUE,reported,0.00144,2.64e-6,educ,TRUE,reported,K5Q3Oh,2,TRUE,NA
rs11750169,A,G,A,G,0.00692,0.0014,0.3112,0.323083,FALSE,FALSE,FALSE,7rgHSI,0.004389,0.7497,ab42,TRUE,reported,0.0015,4.17e-6,educ,TRUE,reported,K5Q3Oh,2,TRUE,NA
rs11752914,T,C,T,C,0.00962,-0.01092,0.8027,0.8317680000000001,FALSE,FALSE,FALSE,7rgHSI,0.005349,0.04133,ab42,TRUE,reported,0.00178,6.32e-8,educ,TRUE,reported,K5Q3Oh,2,TRUE,NA
rs11756638,T,C,T,C,-0.01426,0.01956,0.93537,0.9383893,FALSE,FALSE,FALSE,7rgHSI,0.008527,0.02187,ab42,TRUE,reported,0.00294,1.29e-6,educ,TRUE,reported,K5Q3Oh,2,TRUE,NA
rs11757516,C,G,C,G,0.00814,0.002379,0.2857,0.27744100000000005,FALSE,TRUE,FALSE,7rgHSI,0.004521,0.5987,ab42,TRUE,reported,0.00158,2.77e-7,educ,TRUE,reported,K5Q3Oh,2,TRUE,NA
rs11758266,T,A,T,A,0.01011,-0.006803,0.8435,0.886064,FALSE,TRUE,FALSE,7rgHSI,0.006487,0.2944,ab42,TRUE,reported,0.0022,4.52e-6,educ,TRUE,reported,K5Q3Oh,2,TRUE,NA
rs117623407,G,A,G,A,0.01184,0.003823,0.148,0.143471,FALSE,FALSE,FALSE,7rgHSI,0.00587,0.515,ab42,TRUE,reported,0.00202,4.3e-9,educ,TRUE,reported,K5Q3Oh,2,TRUE,NA
rs11763885,A,T,A,T,0.00831,0.001082,0.7772,0.7214039999999999,FALSE,TRUE,FALSE,7rgHSI,0.004683,0.8173,ab42,TRUE,reported,0.00168,7.18e-7,educ,TRUE,reported,K5Q3Oh,2,TRUE,NA
rs11765387,C,T,C,T,-0.00858,0.006648,0.318,0.339667,FALSE,FALSE,FALSE,7rgHSI,0.004336,0.1253,ab42,TRUE,reported,0.0015,9.4e-9,educ,TRUE,reported,K5Q3Oh,2,TRUE,NA
rs117668569,G,T,G,T,-0.02339,0.007303,0.02381,0.023129,FALSE,FALSE,FALSE,7rgHSI,0.01379,0.5965,ab42,TRUE,reported,0.00424,3.49e-8,educ,TRUE,reported,K5Q3Oh,2,TRUE,NA
rs117727881,T,A,T,A,0.01767,-0.01296,0.97789,0.9743917,FALSE,TRUE,FALSE,7rgHSI,0.01464,0.3761,ab42,TRUE,reported,0.00369,1.69e-6,educ,TRUE,reported,K5Q3Oh,2,TRUE,NA
rs11774212,T,C,T,C,0.01276,-0.004245,0.4762,0.506698,FALSE,FALSE,FALSE,7rgHSI,0.004067,0.2967,ab42,TRUE,reported,0.00141,1.4e-19,educ,TRUE,reported,K5Q3Oh,2,TRUE,NA
rs11775,G,A,G,A,0.008,-0.007027,0.3282,0.33162899999999995,FALSE,FALSE,FALSE,7rgHSI,0.004435,0.1132,ab42,TRUE,reported,0.0015,9.43e-8,educ,TRUE,reported,K5Q3Oh,2,TRUE,NA
rs11780023,T,C,T,C,0.00854,-0.009096,0.4881,0.5059130000000001,FALSE,FALSE,FALSE,7rgHSI,0.004078,0.0258,ab42,TRUE,reported,0.0014,1.17e-9,educ,TRUE,reported,K5Q3Oh,2,TRUE,NA
rs117820415,A,G,A,G,-0.01529,0.005635,0.93707,0.9385279,FALSE,FALSE,FALSE,7rgHSI,0.009697,0.5612,ab42,TRUE,reported,0.00319,1.62e-6,educ,TRUE,reported,K5Q3Oh,2,TRUE,NA
rs11787746,G,A,G,A,0.01768,-0.007622,0.05102,0.033939,FALSE,FALSE,FALSE,7rgHSI,0.01332,0.5672,ab42,TRUE,reported,0.00378,2.89e-6,educ,TRUE,reported,K5Q3Oh,2,TRUE,NA
rs117888112,A,C,A,C,-0.01863,0.003734,0.04592,0.0368186,FALSE,FALSE,FALSE,7rgHSI,0.01045,0.721,ab42,TRUE,reported,0.00347,7.72e-8,educ,TRUE,reported,K5Q3Oh,2,TRUE,NA
rs11789013,T,C,T,C,0.01057,-0.005854,0.7211,0.7442869999999999,FALSE,FALSE,FALSE,7rgHSI,0.004879,0.2303,ab42,TRUE,reported,0.00165,1.47e-10,educ,TRUE,reported,K5Q3Oh,2,TRUE,NA
rs117896175,G,A,G,A,0.01898,0.01883,0.03741,0.026486,FALSE,FALSE,FALSE,7rgHSI,0.01404,0.1797,ab42,TRUE,reported,0.00404,2.66e-6,educ,TRUE,reported,K5Q3Oh,2,TRUE,NA
rs117958414,C,A,C,A,-0.01994,0.009631,0.97959,0.9735756,FALSE,FALSE,FALSE,7rgHSI,0.01261,0.445,ab42,TRUE,reported,0.0043,3.47e-6,educ,TRUE,reported,K5Q3Oh,2,TRUE,NA
rs118040169,G,A,G,A,0.02481,-0.01014,0.03401,0.0337542,FALSE,FALSE,FALSE,7rgHSI,0.01151,0.3784,ab42,TRUE,reported,0.00382,8.47e-11,educ,TRUE,reported,K5Q3Oh,2,TRUE,NA
rs118132764,G,A,G,A,-0.01152,0.003966,0.8299,0.817878,FALSE,FALSE,FALSE,7rgHSI,0.005129,0.4395,ab42,TRUE,reported,0.00231,5.96e-7,educ,TRUE,reported,K5Q3Oh,2,TRUE,NA
rs118134876,C,T,C,T,0.02226,-0.01066,0.93878,0.9465507,FALSE,FALSE,FALSE,7rgHSI,0.009255,0.2496,ab42,TRUE,reported,0.00301,1.5e-13,educ,TRUE,reported,K5Q3Oh,2,TRUE,NA
rs11823428,A,C,A,C,-0.00778,4.239e-4,0.5051,0.494903,FALSE,FALSE,FALSE,7rgHSI,0.004133,0.9183,ab42,TRUE,reported,0.00143,5.08e-8,educ,TRUE,reported,K5Q3Oh,2,TRUE,NA
rs11845781,C,T,C,T,0.00787,-4.266e-4,0.4626,0.44089900000000004,FALSE,FALSE,FALSE,7rgHSI,0.004087,0.9169,ab42,TRUE,reported,0.00141,2.43e-8,educ,TRUE,reported,K5Q3Oh,2,TRUE,NA
rs11853464,A,G,A,G,-0.01011,0.001835,0.8656,0.874038,FALSE,FALSE,FALSE,7rgHSI,0.006192,0.767,ab42,TRUE,reported,0.0022,4.4e-6,educ,TRUE,reported,K5Q3Oh,2,TRUE,NA
rs11864750,T,A,T,A,-0.01513,1.75e-4,0.3367,0.381275,FALSE,TRUE,FALSE,7rgHSI,0.004208,0.9668,ab42,TRUE,reported,0.00144,8.95e-26,educ,TRUE,reported,K5Q3Oh,2,TRUE,NA
rs11871429,A,G,A,G,0.01275,-9.544e-4,0.7959,0.77085,FALSE,FALSE,FALSE,7rgHSI,0.00491,0.8459,ab42,TRUE,reported,0.00167,2.52e-14,educ,TRUE,reported,K5Q3Oh,2,TRUE,NA
rs1187219,C,T,C,T,-0.00755,-0.002353,0.318,0.32778,FALSE,FALSE,FALSE,7rgHSI,0.004412,0.5939,ab42,TRUE,reported,0.0015,4.99e-7,educ,TRUE,reported,K5Q3Oh,2,TRUE,NA
rs1187326,T,C,T,C,0.00909,-0.001061,0.7806,0.773252,FALSE,FALSE,FALSE,7rgHSI,0.004734,0.8226,ab42,TRUE,reported,0.00167,5.6e-8,educ,TRUE,reported,K5Q3Oh,2,TRUE,NA
rs11876620,T,C,T,C,0.0143,-0.006546,0.1156,0.0856637,FALSE,FALSE,FALSE,7rgHSI,0.007399,0.3764,ab42,TRUE,reported,0.00237,1.52e-9,educ,TRUE,reported,K5Q3Oh,2,TRUE,NA
rs11887857,G,A,G,A,-0.00971,0.002658,0.1378,0.13851199999999997,FALSE,FALSE,FALSE,7rgHSI,0.00586,0.6501,ab42,TRUE,reported,0.00203,1.75e-6,educ,TRUE,reported,K5Q3Oh,2,TRUE,NA
rs11894424,C,A,C,A,-0.02091,-0.01355,0.05612,0.0725131,FALSE,FALSE,FALSE,7rgHSI,0.008658,0.1176,ab42,TRUE,reported,0.00329,2.14e-10,educ,TRUE,reported,K5Q3Oh,2,TRUE,NA
rs11897647,T,C,T,C,0.00847,0.007808,0.1752,0.19384,FALSE,FALSE,FALSE,7rgHSI,0.005084,0.1247,ab42,TRUE,reported,0.00183,3.58e-6,educ,TRUE,reported,K5Q3Oh,2,TRUE,NA
rs11900966,C,T,C,T,0.00773,0.002352,0.6173,0.59113,FALSE,FALSE,FALSE,7rgHSI,0.004125,0.5685,ab42,TRUE,reported,0.00144,7.41e-8,educ,TRUE,reported,K5Q3Oh,2,TRUE,NA
rs11917701,G,A,G,A,0.00875,0.003208,0.6293,0.57701,FALSE,FALSE,FALSE,7rgHSI,0.004121,0.4363,ab42,TRUE,reported,0.00143,9.45e-10,educ,TRUE,reported,K5Q3Oh,2,TRUE,NA
rs11926624,G,A,G,A,0.00754,-0.004804,0.7534,0.748937,FALSE,FALSE,FALSE,7rgHSI,0.0046,0.2964,ab42,TRUE,reported,0.00163,3.6e-6,educ,TRUE,reported,K5Q3Oh,2,TRUE,NA
rs11941112,C,T,C,T,-0.00839,1.99e-4,0.7891,0.808208,FALSE,FALSE,FALSE,7rgHSI,0.005166,0.9693,ab42,TRUE,reported,0.00181,3.32e-6,educ,TRUE,reported,K5Q3Oh,2,TRUE,NA
rs11942001,C,T,C,T,-0.01724,-0.007205,0.03061,0.0439175,FALSE,FALSE,FALSE,7rgHSI,0.009463,0.4465,ab42,TRUE,reported,0.00347,6.84e-7,educ,TRUE,reported,K5Q3Oh,2,TRUE,NA
rs11948860,G,C,G,C,-0.0117,-0.01395,0.898,0.9101478000000001,FALSE,TRUE,FALSE,7rgHSI,0.006941,0.04462,ab42,TRUE,reported,0.0025,2.77e-6,educ,TRUE,reported,K5Q3Oh,2,TRUE,NA
rs1196760,C,G,C,G,0.01387,0.001355,0.91497,0.926039,FALSE,TRUE,FALSE,7rgHSI,0.007912,0.8641,ab42,TRUE,reported,0.00247,2e-8,educ,TRUE,reported,K5Q3Oh,2,TRUE,NA
rs11971750,A,G,A,G,-0.00732,-6.708e-5,0.6003,0.626301,FALSE,FALSE,FALSE,7rgHSI,0.004298,0.9875,ab42,TRUE,reported,0.00145,4.41e-7,educ,TRUE,reported,K5Q3Oh,2,TRUE,NA
rs11972612,C,T,C,T,0.00746,-0.009003,0.6735,0.684555,FALSE,FALSE,FALSE,7rgHSI,0.004348,0.03847,ab42,TRUE,reported,0.00151,7.7300000000000005e-07,educ,TRUE,reported,K5Q3Oh,2,TRUE,NA
rs11979343,T,G,T,G,0.012,8.073e-4,0.93197,0.925793,FALSE,FALSE,FALSE,7rgHSI,0.007708,0.9166,ab42,TRUE,reported,0.00262,4.61e-6,educ,TRUE,reported,K5Q3Oh,2,TRUE,NA
rs12005151,A,G,A,G,0.00867,-2.877e-4,0.3588,0.361133,FALSE,FALSE,FALSE,7rgHSI,0.004368,0.9475,ab42,TRUE,reported,0.00147,3.73e-9,educ,TRUE,reported,K5Q3Oh,2,TRUE,NA
rs12028010,C,T,C,T,-0.01638,0.00168,0.2228,0.224792,FALSE,FALSE,FALSE,7rgHSI,0.004864,0.7298,ab42,TRUE,reported,0.00167,9.78e-23,educ,TRUE,reported,K5Q3Oh,2,TRUE,NA
rs1203763,T,C,T,C,0.00714,0.005874,0.3656,0.329781,FALSE,FALSE,FALSE,7rgHSI,0.004238,0.1658,ab42,TRUE,reported,0.00147,1.24e-6,educ,TRUE,reported,K5Q3Oh,2,TRUE,NA
rs12049028,C,A,C,A,0.00642,0.00648,0.4813,0.460179,FALSE,FALSE,FALSE,7rgHSI,0.004058,0.1104,ab42,TRUE,reported,0.0014,4.9100000000000004e-06,educ,TRUE,reported,K5Q3Oh,2,TRUE,NA
rs12051987,T,C,T,C,0.0095,0.005273,0.7959,0.822682,FALSE,FALSE,FALSE,7rgHSI,0.005181,0.3089,ab42,TRUE,reported,0.00183,2.15e-7,educ,TRUE,reported,K5Q3Oh,2,TRUE,NA
rs12053365,A,G,A,G,0.00703,0.002586,0.4694,0.4921,FALSE,FALSE,FALSE,7rgHSI,0.004249,0.5428,ab42,TRUE,reported,0.0014,5.48e-7,educ,TRUE,reported,K5Q3Oh,2,TRUE,NA
rs12054166,G,C,G,C,-0.00955,2.099e-4,0.25,0.268094,FALSE,TRUE,FALSE,7rgHSI,0.004656,0.9641,ab42,TRUE,reported,0.0016,2.3e-9,educ,TRUE,reported,K5Q3Oh,2,TRUE,NA
rs1206133,T,C,T,C,0.00812,-0.001006,0.7517,0.73126,FALSE,FALSE,FALSE,7rgHSI,0.004531,0.8243,ab42,TRUE,reported,0.00163,6.48e-7,educ,TRUE,reported,K5Q3Oh,2,TRUE,NA
rs12065238,G,A,G,A,-0.01016,-0.001714,0.8214,0.820188,FALSE,FALSE,FALSE,7rgHSI,0.005263,0.7447,ab42,TRUE,reported,0.00187,5.72e-8,educ,TRUE,reported,K5Q3Oh,2,TRUE,NA
rs12076635,C,G,C,G,0.02068,-0.002118,0.7466,0.762473,FALSE,TRUE,FALSE,7rgHSI,0.004847,0.6621,ab42,TRUE,reported,0.0017,3.33e-34,educ,TRUE,reported,K5Q3Oh,2,TRUE,NA
rs12088178,T,C,T,C,-0.00696,0.002174,0.6071,0.620896,FALSE,FALSE,FALSE,7rgHSI,0.004273,0.6109,ab42,TRUE,reported,0.00146,1.71e-6,educ,TRUE,reported,K5Q3Oh,2,TRUE,NA
rs1208890,T,A,T,A,0.01386,0.01213,0.09864,0.11396700000000004,FALSE,TRUE,FALSE,7rgHSI,0.006435,0.05951,ab42,TRUE,reported,0.0028,7.22e-7,educ,TRUE,reported,K5Q3Oh,2,TRUE,NA
rs12104029,C,G,C,G,-0.00749,0.008459,0.4949,0.446612,FALSE,TRUE,TRUE,7rgHSI,0.004033,0.03605,ab42,TRUE,reported,0.0014,9.48e-8,educ,TRUE,reported,K5Q3Oh,2,FALSE,NA
rs12113634,C,T,C,T,-0.00877,-0.001731,0.3418,0.35,FALSE,FALSE,FALSE,7rgHSI,0.004309,0.688,ab42,TRUE,reported,0.00147,2.5e-9,educ,TRUE,reported,K5Q3Oh,2,TRUE,NA
rs12121740,T,C,T,C,-0.00876,-0.006638,0.7857,0.802017,FALSE,FALSE,FALSE,7rgHSI,0.005161,0.1985,ab42,TRUE,reported,0.00174,4.64e-7,educ,TRUE,reported,K5Q3Oh,2,TRUE,NA
rs12123293,T,C,T,C,0.00861,0.004512,0.6599,0.662242,FALSE,FALSE,FALSE,7rgHSI,0.004303,0.2945,ab42,TRUE,reported,0.00147,4.48e-9,educ,TRUE,reported,K5Q3Oh,2,TRUE,NA
rs12125619,A,G,A,G,-0.00685,-0.00255,0.3537,0.373114,FALSE,FALSE,FALSE,7rgHSI,0.004213,0.545,ab42,TRUE,reported,0.00145,2.38e-6,educ,TRUE,reported,K5Q3Oh,2,TRUE,NA
rs12126231,A,G,A,G,0.00945,0.003635,0.6173,0.615984,FALSE,FALSE,FALSE,7rgHSI,0.004213,0.3883,ab42,TRUE,reported,0.00144,4.82e-11,educ,TRUE,reported,K5Q3Oh,2,TRUE,NA
rs1213769,T,C,T,C,-0.00754,-0.005137,0.7347,0.6845859999999999,FALSE,FALSE,FALSE,7rgHSI,0.004658,0.2702,ab42,TRUE,reported,0.00156,1.34e-6,educ,TRUE,reported,K5Q3Oh,2,TRUE,NA
rs12145078,T,A,T,A,0.01265,0.002129,0.8078,0.80291,FALSE,TRUE,FALSE,7rgHSI,0.005011,0.6709,ab42,TRUE,reported,0.00173,2.56e-13,educ,TRUE,reported,K5Q3Oh,2,TRUE,NA
rs12149425,C,T,C,T,-0.00789,-0.004601,0.301,0.312812,FALSE,FALSE,FALSE,7rgHSI,0.004506,0.3072,ab42,TRUE,reported,0.00153,2.32e-7,educ,TRUE,reported,K5Q3Oh,2,TRUE,NA
rs12151248,C,T,C,T,0.014880000000000001,-0.01019,0.8895,0.879289,FALSE,FALSE,FALSE,7rgHSI,0.006468,0.1153,ab42,TRUE,reported,0.00225,3.81e-11,educ,TRUE,reported,K5Q3Oh,2,TRUE,NA
rs12170452,G,A,G,A,-0.01053,-0.002589,0.5629,0.582307,FALSE,FALSE,FALSE,7rgHSI,0.00425,0.5425,ab42,TRUE,reported,0.00141,7.78e-14,educ,TRUE,reported,K5Q3Oh,2,TRUE,NA
rs12199461,G,A,G,A,-0.00901,0.008922,0.835,0.84692,FALSE,FALSE,FALSE,7rgHSI,0.0057,0.1176,ab42,TRUE,reported,0.00193,3.21e-6,educ,TRUE,reported,K5Q3Oh,2,TRUE,NA
rs1220779,A,G,A,G,-0.00794,-0.004755,0.4524,0.45077,FALSE,FALSE,FALSE,7rgHSI,0.004017,0.2365,ab42,TRUE,reported,0.00141,1.58e-8,educ,TRUE,reported,K5Q3Oh,2,TRUE,NA
rs12208753,A,G,A,G,0.0126,-0.009919,0.5408,0.517724,FALSE,FALSE,FALSE,7rgHSI,0.004112,0.01592,ab42,TRUE,reported,0.00141,4.38e-19,educ,TRUE,reported,K5Q3Oh,2,TRUE,NA
rs12212126,A,G,A,G,-0.00654,-0.001212,0.5952,0.576455,FALSE,FALSE,FALSE,7rgHSI,0.004157,0.7706,ab42,TRUE,reported,0.00143,4.58e-6,educ,TRUE,reported,K5Q3Oh,2,TRUE,NA
rs12234369,G,A,G,A,-0.00867,0.005836,0.7058,0.67607,FALSE,FALSE,FALSE,7rgHSI,0.00443,0.1878,ab42,TRUE,reported,0.00151,9.61e-9,educ,TRUE,reported,K5Q3Oh,2,TRUE,NA
rs12238011,T,C,T,C,-0.01405,0.01206,0.06633,0.078457,FALSE,FALSE,FALSE,7rgHSI,0.007698,0.1174,ab42,TRUE,reported,0.00257,4.67e-8,educ,TRUE,reported,K5Q3Oh,2,TRUE,NA
rs12245197,T,C,T,C,-0.00763,-0.008249,0.4541,0.464444,FALSE,FALSE,FALSE,7rgHSI,0.004102,0.04443,ab42,TRUE,reported,0.0014,5.54e-8,educ,TRUE,reported,K5Q3Oh,2,TRUE,NA
rs12251014,T,C,T,C,0.00719,-0.003,0.3129,0.320912,FALSE,FALSE,FALSE,7rgHSI,0.00426,0.4813,ab42,TRUE,reported,0.00151,1.87e-6,educ,TRUE,reported,K5Q3Oh,2,TRUE,NA
rs12255709,A,G,A,G,0.00848,0.0016,0.216,0.190745,FALSE,FALSE,FALSE,7rgHSI,0.005119,0.7547,ab42,TRUE,reported,0.0018,2.47e-6,educ,TRUE,reported,K5Q3Oh,2,TRUE,NA
rs12285074,A,G,A,G,0.01614,0.004598,0.1139,0.119849,FALSE,FALSE,FALSE,7rgHSI,0.006723,0.4941,ab42,TRUE,reported,0.00234,5.11e-12,educ,TRUE,reported,K5Q3Oh,2,TRUE,NA
rs12293744,T,C,T,C,-0.01039,-0.001975,0.09524,0.119279,FALSE,FALSE,FALSE,7rgHSI,0.006478,0.7604,ab42,TRUE,reported,0.0022,2.32e-6,educ,TRUE,reported,K5Q3Oh,2,TRUE,NA
rs12304188,G,A,G,A,-0.01108,-0.002144,0.148,0.178472,FALSE,FALSE,FALSE,7rgHSI,0.005503,0.6968,ab42,TRUE,reported,0.00192,8.17e-9,educ,TRUE,reported,K5Q3Oh,2,TRUE,NA
rs12309338,T,A,T,A,-0.01193,-0.002599,0.09694,0.0914998,FALSE,TRUE,FALSE,7rgHSI,0.006909,0.7068,ab42,TRUE,reported,0.00236,4.14e-7,educ,TRUE,reported,K5Q3Oh,2,TRUE,NA
rs12324361,T,C,T,C,0.02508,0.01768,0.98469,0.975793,FALSE,FALSE,FALSE,7rgHSI,0.01378,0.1996,ab42,TRUE,reported,0.00512,9.65e-7,educ,TRUE,reported,K5Q3Oh,2,TRUE,NA
rs12325727,A,G,A,G,0.00883,0.001462,0.4269,0.47796400000000006,FALSE,FALSE,FALSE,7rgHSI,0.00412,0.7227,ab42,TRUE,reported,0.00141,4.1e-10,educ,TRUE,reported,K5Q3Oh,2,TRUE,NA
rs12332731,A,T,A,T,0.01348,3.504e-4,0.2024,0.192455,FALSE,TRUE,FALSE,7rgHSI,0.005273,0.947,ab42,TRUE,reported,0.00179,5.96e-14,educ,TRUE,reported,K5Q3Oh,2,TRUE,NA
rs12342546,G,A,G,A,0.01283,-0.003361,0.7415,0.751016,FALSE,FALSE,FALSE,7rgHSI,0.004829,0.4866,ab42,TRUE,reported,0.00166,1.11e-14,educ,TRUE,reported,K5Q3Oh,2,TRUE,NA
rs12374142,T,A,T,A,-0.00888,0.002729,0.1735,0.200216,FALSE,TRUE,FALSE,7rgHSI,0.005113,0.5935,ab42,TRUE,reported,0.00181,9.89e-7,educ,TRUE,reported,K5Q3Oh,2,TRUE,NA
rs12375474,A,G,A,G,0.00649,0.004024,0.5646,0.58551,FALSE,FALSE,FALSE,7rgHSI,0.004187,0.3367,ab42,TRUE,reported,0.00142,4.97e-6,educ,TRUE,reported,K5Q3Oh,2,TRUE,NA
rs12375949,T,C,T,C,-0.01383,0.003453,0.4303,0.42893400000000004,FALSE,FALSE,FALSE,7rgHSI,0.004098,0.3996,ab42,TRUE,reported,0.00142,1.61e-22,educ,TRUE,reported,K5Q3Oh,2,TRUE,NA
rs12376674,C,A,C,A,0.01038,-0.007816,0.1037,0.117293,FALSE,FALSE,FALSE,7rgHSI,0.006208,0.2081,ab42,TRUE,reported,0.0021,7.29e-7,educ,TRUE,reported,K5Q3Oh,2,TRUE,NA
rs12377606,G,A,G,A,0.01224,0.003466,0.1071,0.0955035,FALSE,FALSE,FALSE,7rgHSI,0.006741,0.6071,ab42,TRUE,reported,0.0023,1.07e-7,educ,TRUE,reported,K5Q3Oh,2,TRUE,NA
rs12403957,G,C,G,C,0.00836,6.28e-4,0.2483,0.27833399999999997,FALSE,TRUE,FALSE,7rgHSI,0.00444,0.8875,ab42,TRUE,reported,0.00158,1.11e-7,educ,TRUE,reported,K5Q3Oh,2,TRUE,NA
rs12405889,G,T,G,T,0.00984,0.007898,0.5153,0.529104,FALSE,FALSE,FALSE,7rgHSI,0.004064,0.05207,ab42,TRUE,reported,0.0014,2.3e-12,educ,TRUE,reported,K5Q3Oh,2,TRUE,NA
rs12409811,T,C,T,C,-0.00808,0.001103,0.2653,0.303496,FALSE,FALSE,FALSE,7rgHSI,0.004482,0.8057,ab42,TRUE,reported,0.00152,1.1e-7,educ,TRUE,reported,K5Q3Oh,2,TRUE,NA
rs12419444,T,C,T,C,0.00887,-0.004559,0.1939,0.1747,FALSE,FALSE,FALSE,7rgHSI,0.005201,0.3808,ab42,TRUE,reported,0.00178,6.08e-7,educ,TRUE,reported,K5Q3Oh,2,TRUE,NA
rs12421002,C,T,C,T,-0.00688,-0.002583,0.4643,0.51486,FALSE,FALSE,FALSE,7rgHSI,0.004089,0.5275,ab42,TRUE,reported,0.00141,1.05e-6,educ,TRUE,reported,K5Q3Oh,2,TRUE,NA
rs12429017,T,C,T,C,-0.00713,-0.00898,0.648,0.670172,FALSE,FALSE,FALSE,7rgHSI,0.004343,0.03875,ab42,TRUE,reported,0.00149,1.74e-6,educ,TRUE,reported,K5Q3Oh,2,TRUE,NA
rs12431682,C,T,C,T,0.0093,0.001223,0.6548,0.615969,FALSE,FALSE,FALSE,7rgHSI,0.004318,0.777,ab42,TRUE,reported,0.00146,1.73e-10,educ,TRUE,reported,K5Q3Oh,2,TRUE,NA
rs12438177,G,A,G,A,-0.00932,-0.006947,0.6327,0.616169,FALSE,FALSE,FALSE,7rgHSI,0.004163,0.09528,ab42,TRUE,reported,0.00145,1.48e-10,educ,TRUE,reported,K5Q3Oh,2,TRUE,NA
rs12439619,G,T,G,T,0.00737,-0.00311,0.3129,0.297921,FALSE,FALSE,FALSE,7rgHSI,0.004389,0.4787,ab42,TRUE,reported,0.00151,1.11e-6,educ,TRUE,reported,K5Q3Oh,2,TRUE,NA
rs12440468,C,T,C,T,-0.00966,0.001537,0.8724,0.834062,FALSE,FALSE,FALSE,7rgHSI,0.00548,0.7792,ab42,TRUE,reported,0.00197,9.61e-7,educ,TRUE,reported,K5Q3Oh,2,TRUE,NA
rs12453682,T,C,T,C,0.01024,2.854e-4,0.6837,0.682168,FALSE,FALSE,FALSE,7rgHSI,0.004521,0.9497,ab42,TRUE,reported,0.00152,1.81e-11,educ,TRUE,reported,K5Q3Oh,2,TRUE,NA
rs1245829,A,T,A,T,-0.00993,0.001329,0.5476,0.612997,FALSE,TRUE,TRUE,7rgHSI,0.004096,0.7457,ab42,TRUE,reported,0.00143,3.29e-12,educ,TRUE,reported,K5Q3Oh,2,FALSE,NA
rs12461072,G,C,G,C,-0.00763,0.0104,0.2772,0.28437,FALSE,TRUE,FALSE,7rgHSI,0.004538,0.02195,ab42,TRUE,reported,0.00155,8.98e-7,educ,TRUE,reported,K5Q3Oh,2,TRUE,NA
rs12464368,C,A,C,A,0.00963,-0.001968,0.6667,0.624315,FALSE,FALSE,FALSE,7rgHSI,0.004108,0.6319,ab42,TRUE,reported,0.00196,8.64e-7,educ,TRUE,reported,K5Q3Oh,2,TRUE,NA
rs12467175,C,T,C,T,0.00813,-0.002857,0.483,0.508131,FALSE,FALSE,FALSE,7rgHSI,0.004131,0.4893,ab42,TRUE,reported,0.0014,6.9e-9,educ,TRUE,reported,K5Q3Oh,2,TRUE,NA
rs12468040,G,T,G,T,-0.01365,5.908e-5,0.6037,0.619864,FALSE,FALSE,FALSE,7rgHSI,0.004124,0.9886,ab42,TRUE,reported,0.00144,3.12e-21,educ,TRUE,reported,K5Q3Oh,2,TRUE,NA
rs12473986,C,T,C,T,0.00851,-0.00246,0.7347,0.707607,FALSE,FALSE,FALSE,7rgHSI,0.004489,0.5837,ab42,TRUE,reported,0.00154,3.57e-8,educ,TRUE,reported,K5Q3Oh,2,TRUE,NA
rs12477385,G,T,G,T,-0.01092,-0.002989,0.7738,0.781829,FALSE,FALSE,FALSE,7rgHSI,0.004924,0.5439,ab42,TRUE,reported,0.00168,7.15e-11,educ,TRUE,reported,K5Q3Oh,2,TRUE,NA
rs12478156,C,T,C,T,-0.01082,0.001803,0.3827,0.381814,FALSE,FALSE,FALSE,7rgHSI,0.0041,0.66,ab42,TRUE,reported,0.00146,1.24e-13,educ,TRUE,reported,K5Q3Oh,2,TRUE,NA
rs12480966,G,A,G,A,-0.00833,-0.005129,0.8197,0.807961,FALSE,FALSE,FALSE,7rgHSI,0.005039,0.3088,ab42,TRUE,reported,0.00172,1.24e-6,educ,TRUE,reported,K5Q3Oh,2,TRUE,NA
rs12492427,G,A,G,A,0.00715,0.007265,0.7058,0.6974750000000001,FALSE,FALSE,FALSE,7rgHSI,0.004405,0.09917,ab42,TRUE,reported,0.00152,2.38e-6,educ,TRUE,reported,K5Q3Oh,2,TRUE,NA
rs12503522,C,T,C,T,0.01131,0.008522,0.7517,0.719125,FALSE,FALSE,FALSE,7rgHSI,0.004536,0.06036,ab42,TRUE,reported,0.00156,3.93e-13,educ,TRUE,reported,K5Q3Oh,2,TRUE,NA
rs12504803,G,C,G,C,-0.01342,0.003559,0.04762,0.0725901,FALSE,TRUE,FALSE,7rgHSI,0.008206,0.6646,ab42,TRUE,reported,0.00276,1.15e-6,educ,TRUE,reported,K5Q3Oh,2,TRUE,NA
rs12506004,A,G,A,G,-0.00751,0.001228,0.6752,0.6857249999999999,FALSE,FALSE,FALSE,7rgHSI,0.004376,0.779,ab42,TRUE,reported,0.00154,1.09e-6,educ,TRUE,reported,K5Q3Oh,2,TRUE,NA
rs12506221,G,T,G,T,0.01298,-0.00268,0.5442,0.537435,FALSE,FALSE,FALSE,7rgHSI,0.004025,0.5055,ab42,TRUE,reported,0.00141,4.23e-20,educ,TRUE,reported,K5Q3Oh,2,TRUE,NA
rs12508714,T,C,T,C,0.0086,-0.005359,0.2398,0.270973,FALSE,FALSE,FALSE,7rgHSI,0.004581,0.2422,ab42,TRUE,reported,0.00162,1.09e-7,educ,TRUE,reported,K5Q3Oh,2,TRUE,NA
rs12508886,G,A,G,A,-0.00866,-0.002432,0.8197,0.812411,FALSE,FALSE,FALSE,7rgHSI,0.00521,0.6406,ab42,TRUE,reported,0.00179,1.36e-6,educ,TRUE,reported,K5Q3Oh,2,TRUE,NA
rs12515392,A,G,A,G,0.00907,0.004307,0.2143,0.193271,FALSE,FALSE,FALSE,7rgHSI,0.004958,0.3851,ab42,TRUE,reported,0.00173,1.55e-7,educ,TRUE,reported,K5Q3Oh,2,TRUE,NA
rs12515501,A,G,A,G,-0.00973,0.004077,0.8435,0.849584,FALSE,FALSE,FALSE,7rgHSI,0.005801,0.4822,ab42,TRUE,reported,0.00196,7.08e-7,educ,TRUE,reported,K5Q3Oh,2,TRUE,NA
rs12515656,T,G,T,G,0.01734,6.615e-5,0.97789,0.9598707,FALSE,FALSE,FALSE,7rgHSI,0.01124,0.9953,ab42,TRUE,reported,0.00348,6.23e-7,educ,TRUE,reported,K5Q3Oh,2,TRUE,NA
rs12516990,C,G,C,G,-0.00993,0.008668,0.1905,0.199091,FALSE,TRUE,FALSE,7rgHSI,0.0052,0.09567,ab42,TRUE,reported,0.00172,7.9e-9,educ,TRUE,reported,K5Q3Oh,2,TRUE,NA
rs12519073,C,T,C,T,0.01071,-0.004694,0.7619,0.765738,FALSE,FALSE,FALSE,7rgHSI,0.004677,0.3157,ab42,TRUE,reported,0.00166,1.16e-10,educ,TRUE,reported,K5Q3Oh,2,TRUE,NA
rs12524795,T,C,T,C,0.01021,0.001738,0.4456,0.439621,FALSE,FALSE,FALSE,7rgHSI,0.004113,0.6727,ab42,TRUE,reported,0.00141,5.28e-13,educ,TRUE,reported,K5Q3Oh,2,TRUE,NA
rs12532917,A,G,A,G,0.00812,-0.002252,0.2517,0.282492,FALSE,FALSE,FALSE,7rgHSI,0.004622,0.6261,ab42,TRUE,reported,0.00157,2.47e-7,educ,TRUE,reported,K5Q3Oh,2,TRUE,NA
rs12535503,C,T,C,T,0.0075,0.009453,0.5782,0.5621959999999999,FALSE,FALSE,FALSE,7rgHSI,0.004219,0.02514,ab42,TRUE,reported,0.00143,1.53e-7,educ,TRUE,reported,K5Q3Oh,2,TRUE,NA
rs12537600,C,T,C,T,-0.0089,-0.001001,0.1888,0.199723,FALSE,FALSE,FALSE,7rgHSI,0.005064,0.8433,ab42,TRUE,reported,0.00173,2.81e-7,educ,TRUE,reported,K5Q3Oh,2,TRUE,NA
rs12547205,T,C,T,C,0.00775,0.01144,0.3571,0.34093,FALSE,FALSE,FALSE,7rgHSI,0.004494,0.01096,ab42,TRUE,reported,0.00148,1.7e-7,educ,TRUE,reported,K5Q3Oh,2,TRUE,NA
rs12553064,C,A,C,A,0.00717,-0.005955,0.3963,0.38203,FALSE,FALSE,FALSE,7rgHSI,0.004177,0.1541,ab42,TRUE,reported,0.00144,5.85e-7,educ,TRUE,reported,K5Q3Oh,2,TRUE,NA
rs12568267,C,T,C,T,-0.00866,0.004721,0.8486,0.8133509999999999,FALSE,FALSE,FALSE,7rgHSI,0.005253,0.3688,ab42,TRUE,reported,0.0018,1.47e-6,educ,TRUE,reported,K5Q3Oh,2,TRUE,NA
rs12571549,G,A,G,A,-0.01509,0.008396,0.8776,0.856806,FALSE,FALSE,FALSE,7rgHSI,0.005791,0.1472,ab42,TRUE,reported,0.00204,1.45e-13,educ,TRUE,reported,K5Q3Oh,2,TRUE,NA
rs12574281,A,C,A,C,-0.00805,-0.001963,0.6003,0.645411,FALSE,FALSE,FALSE,7rgHSI,0.004296,0.6478,ab42,TRUE,reported,0.00145,3.04e-8,educ,TRUE,reported,K5Q3Oh,2,TRUE,NA
rs12591647,T,C,T,C,-0.01518,0.001935,0.8435,0.793332,FALSE,FALSE,FALSE,7rgHSI,0.005245,0.7123,ab42,TRUE,reported,0.00182,7.78e-17,educ,TRUE,reported,K5Q3Oh,2,TRUE,NA
rs12601380,A,C,A,C,-0.00821,0.007089,0.5901,0.599677,FALSE,FALSE,FALSE,7rgHSI,0.004126,0.08588,ab42,TRUE,reported,0.00142,7.42e-9,educ,TRUE,reported,K5Q3Oh,2,TRUE,NA
rs12602286,T,G,T,G,0.01595,0.001314,0.8861,0.836264,FALSE,FALSE,FALSE,7rgHSI,0.006339,0.8359,ab42,TRUE,reported,0.00211,4.62e-14,educ,TRUE,reported,K5Q3Oh,2,TRUE,NA
rs12613500,G,C,G,C,-0.00981,1.44e-5,0.5442,0.575978,FALSE,TRUE,TRUE,7rgHSI,0.0041,0.9972,ab42,TRUE,reported,0.00142,4.82e-12,educ,TRUE,reported,K5Q3Oh,2,FALSE,NA
rs12613959,G,A,G,A,-0.0107,-0.003867,0.8503,0.872236,FALSE,FALSE,FALSE,7rgHSI,0.006692,0.5634,ab42,TRUE,reported,0.00217,8.31e-7,educ,TRUE,reported,K5Q3Oh,2,TRUE,NA
rs12614263,G,A,G,A,-0.00829,0.001888,0.5,0.511056,FALSE,FALSE,FALSE,7rgHSI,0.004081,0.6437,ab42,TRUE,reported,0.0014,3.38e-9,educ,TRUE,reported,K5Q3Oh,2,TRUE,NA
rs12619019,C,G,C,G,-0.00985,-0.009862,0.8163,0.820496,FALSE,TRUE,FALSE,7rgHSI,0.005634,0.08017,ab42,TRUE,reported,0.0018600000000000001,1.1e-7,educ,TRUE,reported,K5Q3Oh,2,TRUE,NA
rs12620925,T,G,T,G,-0.00968,0.006445,0.7262,0.7212970000000001,FALSE,FALSE,FALSE,7rgHSI,0.004475,0.1499,ab42,TRUE,reported,0.00201,1.46e-6,educ,TRUE,reported,K5Q3Oh,2,TRUE,NA
rs12622165,A,C,A,C,-0.00754,0.001598,0.2993,0.312735,FALSE,FALSE,FALSE,7rgHSI,0.004439,0.7189,ab42,TRUE,reported,0.00152,6.61e-7,educ,TRUE,reported,K5Q3Oh,2,TRUE,NA
rs12630615,T,C,T,C,-0.01106,0.001012,0.1071,0.101093,FALSE,FALSE,FALSE,7rgHSI,0.006854,0.8827,ab42,TRUE,reported,0.00232,1.95e-6,educ,TRUE,reported,K5Q3Oh,2,TRUE,NA
rs12638072,G,A,G,A,0.01074,0.007227,0.7041,0.701263,FALSE,FALSE,FALSE,7rgHSI,0.004501,0.1085,ab42,TRUE,reported,0.00154,3.13e-12,educ,TRUE,reported,K5Q3Oh,2,TRUE,NA
rs12643771,C,T,C,T,-0.01297,0.004163,0.6888,0.6736059999999999,FALSE,FALSE,FALSE,7rgHSI,0.004379,0.3418,ab42,TRUE,reported,0.00152,1.32e-17,educ,TRUE,reported,K5Q3Oh,2,TRUE,NA
rs12646216,T,C,T,C,0.00844,-9.195e-5,0.3912,0.385802,FALSE,FALSE,FALSE,7rgHSI,0.004211,0.9826,ab42,TRUE,reported,0.00144,4.56e-9,educ,TRUE,reported,K5Q3Oh,2,TRUE,NA
rs12646523,C,T,C,T,0.01322,0.002067,0.7381,0.745396,FALSE,FALSE,FALSE,7rgHSI,0.004799,0.6666,ab42,TRUE,reported,0.00162,3.79e-16,educ,TRUE,reported,K5Q3Oh,2,TRUE,NA
rs12646721,G,A,G,A,-0.00792,-0.00583,0.682,0.702002,FALSE,FALSE,FALSE,7rgHSI,0.004481,0.1933,ab42,TRUE,reported,0.00156,4.1e-7,educ,TRUE,reported,K5Q3Oh,2,TRUE,NA
rs1265094,A,G,A,G,0.00711,-0.003717,0.466,0.462581,FALSE,FALSE,FALSE,7rgHSI,0.004035,0.3571,ab42,TRUE,reported,0.00141,4.3e-7,educ,TRUE,reported,K5Q3Oh,2,TRUE,NA
rs12653396,A,T,A,T,-0.01655,0.00766,0.5697,0.548953,FALSE,TRUE,TRUE,7rgHSI,0.004199,0.06824,ab42,TRUE,reported,0.00141,1.1e-31,educ,TRUE,reported,K5Q3Oh,2,FALSE,NA
rs12655443,A,C,A,C,-0.00756,1.432e-5,0.5068,0.506006,FALSE,FALSE,FALSE,7rgHSI,0.004147,0.9972,ab42,TRUE,reported,0.0014,7.03e-8,educ,TRUE,reported,K5Q3Oh,2,TRUE,NA
rs12659776,T,G,T,G,0.00849,0.001912,0.5374,0.535171,FALSE,FALSE,FALSE,7rgHSI,0.004109,0.6417,ab42,TRUE,reported,0.00141,1.64e-9,educ,TRUE,reported,K5Q3Oh,2,TRUE,NA
rs12660494,G,A,G,A,0.00985,-0.001238,0.1429,0.16081,FALSE,FALSE,FALSE,7rgHSI,0.005421,0.8194,ab42,TRUE,reported,0.00188,1.67e-7,educ,TRUE,reported,K5Q3Oh,2,TRUE,NA
rs12665391,T,C,T,C,-0.00873,0.003529,0.733,0.7482599999999999,FALSE,FALSE,FALSE,7rgHSI,0.0047,0.4527,ab42,TRUE,reported,0.00164,9.83e-8,educ,TRUE,reported,K5Q3Oh,2,TRUE,NA
rs12665999,G,A,G,A,-0.00764,0.005269,0.2993,0.32782599999999995,FALSE,FALSE,FALSE,7rgHSI,0.004357,0.2267,ab42,TRUE,reported,0.00151,4.08e-7,educ,TRUE,reported,K5Q3Oh,2,TRUE,NA
rs12670376,G,A,G,A,-0.00923,0.007358,0.5306,0.554265,FALSE,FALSE,FALSE,7rgHSI,0.004101,0.07289,ab42,TRUE,reported,0.00141,5.99e-11,educ,TRUE,reported,K5Q3Oh,2,TRUE,NA
rs12671060,C,T,C,T,0.00759,0.003245,0.2704,0.299846,FALSE,FALSE,FALSE,7rgHSI,0.004471,0.468,ab42,TRUE,reported,0.00155,9.7e-7,educ,TRUE,reported,K5Q3Oh,2,TRUE,NA
rs12671374,G,A,G,A,0.00714,0.004124,0.415,0.388528,FALSE,FALSE,FALSE,7rgHSI,0.004243,0.3312,ab42,TRUE,reported,0.00144,7.22e-7,educ,TRUE,reported,K5Q3Oh,2,TRUE,NA
rs12676895,G,A,G,A,-0.00848,7.927e-4,0.2313,0.24133,FALSE,FALSE,FALSE,7rgHSI,0.004878,0.8709,ab42,TRUE,reported,0.00162,1.53e-7,educ,TRUE,reported,K5Q3Oh,2,TRUE,NA
rs12677468,T,C,T,C,0.01164,0.004145,0.07993,0.0894364,FALSE,FALSE,FALSE,7rgHSI,0.006953,0.5511,ab42,TRUE,reported,0.00246,2.31e-6,educ,TRUE,reported,K5Q3Oh,2,TRUE,NA
rs12682775,T,C,T,C,-0.01193,-8.167e-4,0.7857,0.777995,FALSE,FALSE,FALSE,7rgHSI,0.00493,0.8684,ab42,TRUE,reported,0.00168,1.26e-12,educ,TRUE,reported,K5Q3Oh,2,TRUE,NA
rs12694681,G,T,G,T,-0.01016,-0.004387,0.2925,0.307022,FALSE,FALSE,FALSE,7rgHSI,0.00455,0.3351,ab42,TRUE,reported,0.00152,2.13e-11,educ,TRUE,reported,K5Q3Oh,2,TRUE,NA
rs12699610,A,G,A,G,0.00699,-0.001286,0.3588,0.35987100000000005,FALSE,FALSE,FALSE,7rgHSI,0.004143,0.7562,ab42,TRUE,reported,0.00147,1.94e-6,educ,TRUE,reported,K5Q3Oh,2,TRUE,NA
rs12699616,T,C,T,C,-0.00823,-0.002957,0.2398,0.21101,FALSE,FALSE,FALSE,7rgHSI,0.004763,0.5348,ab42,TRUE,reported,0.0017,1.28e-6,educ,TRUE,reported,K5Q3Oh,2,TRUE,NA
rs12699778,C,T,C,T,-0.00657,0.004322,0.4745,0.486449,FALSE,FALSE,FALSE,7rgHSI,0.004128,0.2952,ab42,TRUE,reported,0.0014,2.77e-6,educ,TRUE,reported,K5Q3Oh,2,TRUE,NA
rs12701263,C,T,C,T,-0.0074,-0.004216,0.6088,0.6220669999999999,FALSE,FALSE,FALSE,7rgHSI,0.004171,0.3121,ab42,TRUE,reported,0.00143,2.24e-7,educ,TRUE,reported,K5Q3Oh,2,TRUE,NA
rs12705877,A,C,A,C,-0.00725,-0.001078,0.4643,0.482476,FALSE,FALSE,FALSE,7rgHSI,0.00406,0.7907,ab42,TRUE,reported,0.0014,2.32e-7,educ,TRUE,reported,K5Q3Oh,2,TRUE,NA
rs12709186,A,G,A,G,-0.00913,5.588e-4,0.318,0.298029,FALSE,FALSE,FALSE,7rgHSI,0.004404,0.899,ab42,TRUE,reported,0.0015,1.12e-9,educ,TRUE,reported,K5Q3Oh,2,TRUE,NA
rs12712269,C,T,C,T,0.01074,0.007499,0.6344,0.61121,FALSE,FALSE,FALSE,7rgHSI,0.004122,0.06897,ab42,TRUE,reported,0.00143,6.88e-14,educ,TRUE,reported,K5Q3Oh,2,TRUE,NA
rs12716952,C,T,C,T,0.00841,-0.001859,0.7857,0.794102,FALSE,FALSE,FALSE,7rgHSI,0.005126,0.7169,ab42,TRUE,reported,0.00172,1.02e-6,educ,TRUE,reported,K5Q3Oh,2,TRUE,NA
rs12736382,A,G,A,G,0.00765,-4.912e-5,0.5187,0.511611,FALSE,FALSE,FALSE,7rgHSI,0.004283,0.9909,ab42,TRUE,reported,0.00141,5.33e-8,educ,TRUE,reported,K5Q3Oh,2,TRUE,NA
rs12746551,C,G,C,G,0.0248,-3.623e-4,0.96259,0.9750539,FALSE,TRUE,FALSE,7rgHSI,0.01206,0.976,ab42,TRUE,reported,0.0041,1.44e-9,educ,TRUE,reported,K5Q3Oh,2,TRUE,NA
rs12761761,T,C,T,C,0.01532,0.003391,0.2296,0.230382,FALSE,FALSE,FALSE,7rgHSI,0.004964,0.4945,ab42,TRUE,reported,0.00167,4.79e-20,educ,TRUE,reported,K5Q3Oh,2,TRUE,NA
rs12765185,T,A,T,A,0.00876,0.004036,0.7143,0.729858,FALSE,TRUE,FALSE,7rgHSI,0.004682,0.3888,ab42,TRUE,reported,0.00158,2.96e-8,educ,TRUE,reported,K5Q3Oh,2,TRUE,NA
rs12774577,C,T,C,T,-0.01422,-0.002896,0.1224,0.134909,FALSE,FALSE,FALSE,7rgHSI,0.005701,0.6115,ab42,TRUE,reported,0.00199,8.69e-13,educ,TRUE,reported,K5Q3Oh,2,TRUE,NA
rs12789313,T,C,T,C,0.00915,0.003657,0.5323,0.5047269999999999,FALSE,FALSE,FALSE,7rgHSI,0.004035,0.3648,ab42,TRUE,reported,0.0014,6.79e-11,educ,TRUE,reported,K5Q3Oh,2,TRUE,NA
rs12790196,T,C,T,C,-0.01008,-0.01014,0.318,0.309316,FALSE,FALSE,FALSE,7rgHSI,0.004363,0.02017,ab42,TRUE,reported,0.00152,3.29e-11,educ,TRUE,reported,K5Q3Oh,2,TRUE,NA
rs12810587,C,T,C,T,-0.00939,3.288e-4,0.716,0.6774249999999999,FALSE,FALSE,FALSE,7rgHSI,0.004553,0.9424,ab42,TRUE,reported,0.0015,3.7e-10,educ,TRUE,reported,K5Q3Oh,2,TRUE,NA
rs12827740,A,T,A,T,-0.0067,0.006176,0.6463,0.617216,FALSE,TRUE,FALSE,7rgHSI,0.004103,0.1323,ab42,TRUE,reported,0.00145,3.74e-6,educ,TRUE,reported,K5Q3Oh,2,TRUE,NA
rs12830351,C,T,C,T,-0.00727,-9.977e-4,0.4167,0.501294,FALSE,FALSE,FALSE,7rgHSI,0.004146,0.8098,ab42,TRUE,reported,0.00142,3.27e-7,educ,TRUE,reported,K5Q3Oh,2,TRUE,NA
rs12869090,A,G,A,G,-0.00935,1.475e-4,0.1667,0.150185,FALSE,FALSE,FALSE,7rgHSI,0.005705,0.9794,ab42,TRUE,reported,0.002,3e-6,educ,TRUE,reported,K5Q3Oh,2,TRUE,NA
rs12875339,A,C,A,C,-0.0108,1.273e-5,0.6446,0.629443,FALSE,FALSE,FALSE,7rgHSI,0.004224,0.9976,ab42,TRUE,reported,0.00147,1.71e-13,educ,TRUE,reported,K5Q3Oh,2,TRUE,NA
rs12888354,G,A,G,A,0.00742,0.002872,0.4626,0.44864499999999996,FALSE,FALSE,FALSE,7rgHSI,0.00407,0.4804,ab42,TRUE,reported,0.00141,1.55e-7,educ,TRUE,reported,K5Q3Oh,2,TRUE,NA
rs12888615,C,T,C,T,-0.01197,0.003681,0.8163,0.824838,FALSE,FALSE,FALSE,7rgHSI,0.005207,0.4797,ab42,TRUE,reported,0.00176,9.42e-12,educ,TRUE,reported,K5Q3Oh,2,TRUE,NA
rs12891042,T,C,T,C,0.00921,-0.005282,0.568,0.566477,FALSE,FALSE,FALSE,7rgHSI,0.004281,0.2173,ab42,TRUE,reported,0.00142,1.02e-10,educ,TRUE,reported,K5Q3Oh,2,TRUE,NA
rs12891191,C,G,C,G,0.00801,0.00196,0.5034,0.5073909999999999,FALSE,TRUE,TRUE,7rgHSI,0.004055,0.6288,ab42,TRUE,reported,0.00141,1.21e-8,educ,TRUE,reported,K5Q3Oh,2,FALSE,NA
rs12893970,A,G,A,G,-0.01191,0.002726,0.09864,0.087219,FALSE,FALSE,FALSE,7rgHSI,0.006671,0.6829,ab42,TRUE,reported,0.00234,3.65e-7,educ,TRUE,reported,K5Q3Oh,2,TRUE,NA
rs12896865,T,C,T,C,-0.00697,-0.005613,0.3401,0.375069,FALSE,FALSE,FALSE,7rgHSI,0.004169,0.1783,ab42,TRUE,reported,0.00145,1.43e-6,educ,TRUE,reported,K5Q3Oh,2,TRUE,NA
rs1289881,C,G,C,G,0.01162,0.00225,0.8759,0.88166,FALSE,TRUE,FALSE,7rgHSI,0.006225,0.7178,ab42,TRUE,reported,0.0022,1.21e-7,educ,TRUE,reported,K5Q3Oh,2,TRUE,NA
rs12909095,G,A,G,A,0.00808,0.005367,0.25,0.223067,FALSE,FALSE,FALSE,7rgHSI,0.004809,0.2645,ab42,TRUE,reported,0.0017,1.86e-6,educ,TRUE,reported,K5Q3Oh,2,TRUE,NA
rs12918486,A,T,A,T,-0.00738,-0.001811,0.6003,0.598568,FALSE,TRUE,FALSE,7rgHSI,0.004179,0.6647,ab42,TRUE,reported,0.00143,2.65e-7,educ,TRUE,reported,K5Q3Oh,2,TRUE,NA
rs12921005,A,G,A,G,0.0076,0.002814,0.4949,0.514721,FALSE,FALSE,FALSE,7rgHSI,0.004046,0.4868,ab42,TRUE,reported,0.0014,6.03e-8,educ,TRUE,reported,K5Q3Oh,2,TRUE,NA
rs12952191,T,C,T,C,-0.00814,0.003806,0.5357,0.506591,FALSE,FALSE,FALSE,7rgHSI,0.003982,0.3392,ab42,TRUE,reported,0.0014,6.52e-9,educ,TRUE,reported,K5Q3Oh,2,TRUE,NA
rs12953422,A,G,A,G,-0.008,-0.001612,0.5544,0.59555,FALSE,FALSE,FALSE,7rgHSI,0.004053,0.6908,ab42,TRUE,reported,0.00142,1.89e-8,educ,TRUE,reported,K5Q3Oh,2,TRUE,NA
rs12956778,T,G,T,G,-0.00797,-0.003073,0.6548,0.6657379999999999,FALSE,FALSE,FALSE,7rgHSI,0.004269,0.4717,ab42,TRUE,reported,0.00147,5.45e-8,educ,TRUE,reported,K5Q3Oh,2,TRUE,NA
rs12957463,A,G,A,G,0.01456,-0.001967,0.8129,0.803372,FALSE,FALSE,FALSE,7rgHSI,0.004984,0.6931,ab42,TRUE,reported,0.00175,9.2e-17,educ,TRUE,reported,K5Q3Oh,2,TRUE,NA
rs12959714,A,G,A,G,0.02,0.004057,0.03741,0.0247767,FALSE,FALSE,FALSE,7rgHSI,0.01292,0.7535,ab42,TRUE,reported,0.00427,2.87e-6,educ,TRUE,reported,K5Q3Oh,2,TRUE,NA
rs12962845,C,G,C,G,-0.01235,-0.001908,0.131,0.128765,FALSE,TRUE,FALSE,7rgHSI,0.006005,0.7507,ab42,TRUE,reported,0.00207,2.38e-9,educ,TRUE,reported,K5Q3Oh,2,TRUE,NA
rs12970264,G,A,G,A,0.00853,0.003944,0.5952,0.5658920000000001,FALSE,FALSE,FALSE,7rgHSI,0.004112,0.3376,ab42,TRUE,reported,0.00141,1.61e-9,educ,TRUE,reported,K5Q3Oh,2,TRUE,NA
rs12970905,A,G,A,G,-0.00752,0.005247,0.7279,0.744795,FALSE,FALSE,FALSE,7rgHSI,0.00471,0.2653,ab42,TRUE,reported,0.00158,2.03e-6,educ,TRUE,reported,K5Q3Oh,2,TRUE,NA
rs12981405,T,C,T,C,-0.0112,-0.01469,0.1599,0.158577,FALSE,FALSE,FALSE,7rgHSI,0.005435,0.006913,ab42,TRUE,reported,0.00188,2.75e-9,educ,TRUE,reported,K5Q3Oh,2,TRUE,NA
rs12995498,C,G,C,G,0.00774,-0.00642,0.3418,0.357576,FALSE,TRUE,FALSE,7rgHSI,0.004208,0.1272,ab42,TRUE,reported,0.00149,1.98e-7,educ,TRUE,reported,K5Q3Oh,2,TRUE,NA
rs13009915,C,T,C,T,-0.02124,0.01606,0.95238,0.9617339,FALSE,FALSE,FALSE,7rgHSI,0.01199,0.1805,ab42,TRUE,reported,0.00374,1.36e-8,educ,TRUE,reported,K5Q3Oh,2,TRUE,NA
rs13010288,G,T,G,T,-0.01978,-0.0011,0.8759,0.876686,FALSE,FALSE,FALSE,7rgHSI,0.006075,0.8563,ab42,TRUE,reported,0.00209,3.44e-21,educ,TRUE,reported,K5Q3Oh,2,TRUE,NA
rs13010566,A,C,A,C,-0.00908,-0.002524,0.4388,0.460055,FALSE,FALSE,FALSE,7rgHSI,0.004086,0.5367,ab42,TRUE,reported,0.0014,1.03e-10,educ,TRUE,reported,K5Q3Oh,2,TRUE,NA
rs13015496,C,G,C,G,0.01187,-0.00264,0.1684,0.187527,FALSE,TRUE,FALSE,7rgHSI,0.005342,0.6212,ab42,TRUE,reported,0.00181,5.34e-11,educ,TRUE,reported,K5Q3Oh,2,TRUE,NA
rs13016316,C,A,C,A,0.01378,0.005099,0.91667,0.893779,FALSE,FALSE,FALSE,7rgHSI,0.006774,0.4517,ab42,TRUE,reported,0.00244,1.67e-8,educ,TRUE,reported,K5Q3Oh,2,TRUE,NA
rs1301838,T,C,T,C,-0.00964,0.01205,0.3129,0.299677,FALSE,FALSE,FALSE,7rgHSI,0.004365,0.005824,ab42,TRUE,reported,0.0015,1.29e-10,educ,TRUE,reported,K5Q3Oh,2,TRUE,NA
rs13018640,T,C,T,C,-0.02145,0.004307,0.5935,0.6200490000000001,FALSE,FALSE,FALSE,7rgHSI,0.004156,0.3001,ab42,TRUE,reported,0.00143,1.05e-50,educ,TRUE,reported,K5Q3Oh,2,TRUE,NA
rs13024876,A,C,A,C,-0.00828,0.004613,0.2789,0.277933,FALSE,FALSE,FALSE,7rgHSI,0.004487,0.304,ab42,TRUE,reported,0.00158,1.5e-7,educ,TRUE,reported,K5Q3Oh,2,TRUE,NA
rs13025467,A,G,A,G,-0.00799,8.621e-4,0.699,0.6495230000000001,FALSE,FALSE,FALSE,7rgHSI,0.004258,0.8396,ab42,TRUE,reported,0.0015,9.53e-8,educ,TRUE,reported,K5Q3Oh,2,TRUE,NA
rs13026611,G,A,G,A,0.00839,-0.003645,0.6207,0.6348940000000001,FALSE,FALSE,FALSE,7rgHSI,0.004191,0.3845,ab42,TRUE,reported,0.00147,1.05e-8,educ,TRUE,reported,K5Q3Oh,2,TRUE,NA
rs13029602,C,T,C,T,0.00922,-0.003913,0.415,0.389021,FALSE,FALSE,FALSE,7rgHSI,0.004147,0.3454,ab42,TRUE,reported,0.00143,1.33e-10,educ,TRUE,reported,K5Q3Oh,2,TRUE,NA
rs13030950,A,G,A,G,0.00821,-0.002917,0.7143,0.736326,FALSE,FALSE,FALSE,7rgHSI,0.004535,0.5201,ab42,TRUE,reported,0.00157,1.81e-7,educ,TRUE,reported,K5Q3Oh,2,TRUE,NA
rs13035589,A,G,A,G,0.01293,0.001682,0.91156,0.921081,FALSE,FALSE,FALSE,7rgHSI,0.00785,0.8304,ab42,TRUE,reported,0.00263,8.89e-7,educ,TRUE,reported,K5Q3Oh,2,TRUE,NA
rs13050131,A,C,A,C,-0.00813,-5.689e-4,0.648,0.639483,FALSE,FALSE,FALSE,7rgHSI,0.004261,0.8938,ab42,TRUE,reported,0.00149,4.4e-8,educ,TRUE,reported,K5Q3Oh,2,TRUE,NA
rs13061596,G,A,G,A,0.01646,0.01347,0.95578,0.9576686,FALSE,FALSE,FALSE,7rgHSI,0.01088,0.2157,ab42,TRUE,reported,0.00344,1.69e-6,educ,TRUE,reported,K5Q3Oh,2,TRUE,NA
rs13066140,C,T,C,T,0.01876,4.543e-4,0.1003,0.0970126,FALSE,FALSE,FALSE,7rgHSI,0.006773,0.9465,ab42,TRUE,reported,0.00228,1.67e-16,educ,TRUE,reported,K5Q3Oh,2,TRUE,NA
rs13085461,G,C,G,C,-0.01029,0.003702,0.5255,0.515322,FALSE,TRUE,TRUE,7rgHSI,0.004098,0.3663,ab42,TRUE,reported,0.0014,2.4e-13,educ,TRUE,reported,K5Q3Oh,2,FALSE,NA
rs13099165,T,G,T,G,-0.01185,0.01184,0.1905,0.179104,FALSE,FALSE,FALSE,7rgHSI,0.005091,0.02009,ab42,TRUE,reported,0.00174,1.09e-11,educ,TRUE,reported,K5Q3Oh,2,TRUE,NA
rs13107325,C,T,C,T,0.02394,-0.008479,0.90986,0.934555,FALSE,FALSE,FALSE,7rgHSI,0.008023,0.2907,ab42,TRUE,reported,0.00273,1.98e-18,educ,TRUE,reported,K5Q3Oh,2,TRUE,NA
rs13117856,T,A,T,A,-0.00841,0.002091,0.2755,0.302017,FALSE,TRUE,FALSE,7rgHSI,0.004348,0.6307,ab42,TRUE,reported,0.00154,4.64e-8,educ,TRUE,reported,K5Q3Oh,2,TRUE,NA
rs13118140,A,C,A,C,-0.01018,-0.001186,0.8673,0.879658,FALSE,FALSE,FALSE,7rgHSI,0.006249,0.8495,ab42,TRUE,reported,0.00212,1.57e-6,educ,TRUE,reported,K5Q3Oh,2,TRUE,NA
rs13125240,C,T,C,T,0.00802,-0.009184,0.3044,0.302017,FALSE,FALSE,FALSE,7rgHSI,0.004428,0.03814,ab42,TRUE,reported,0.00151,1.13e-7,educ,TRUE,reported,K5Q3Oh,2,TRUE,NA
rs13133213,G,A,G,A,-0.0096,0.002419,0.5204,0.497767,FALSE,FALSE,FALSE,7rgHSI,0.004009,0.5463,ab42,TRUE,reported,0.0014,7.57e-12,educ,TRUE,reported,K5Q3Oh,2,TRUE,NA
rs13143771,T,C,T,C,0.00883,0.01102,0.7279,0.750231,FALSE,FALSE,FALSE,7rgHSI,0.004716,0.01953,ab42,TRUE,reported,0.00165,9.43e-8,educ,TRUE,reported,K5Q3Oh,2,TRUE,NA
rs13145650,C,T,C,T,0.01734,-0.00279,0.09184,0.08025899999999997,FALSE,FALSE,FALSE,7rgHSI,0.007222,0.6993,ab42,TRUE,reported,0.00254,8.99e-12,educ,TRUE,reported,K5Q3Oh,2,TRUE,NA
rs13150647,A,C,A,C,-0.00734,-4.312e-4,0.4286,0.376009,FALSE,FALSE,FALSE,7rgHSI,0.004212,0.9185,ab42,TRUE,reported,0.00144,3.37e-7,educ,TRUE,reported,K5Q3Oh,2,TRUE,NA
rs13154429,G,C,G,C,0.01358,-0.001812,0.92177,0.881814,FALSE,TRUE,FALSE,7rgHSI,0.006503,0.7806,ab42,TRUE,reported,0.00232,5.02e-9,educ,TRUE,reported,K5Q3Oh,2,TRUE,NA
rs13163062,T,C,T,C,0.01153,-0.00338,0.4167,0.412088,FALSE,FALSE,FALSE,7rgHSI,0.004156,0.4161,ab42,TRUE,reported,0.00142,4.43e-16,educ,TRUE,reported,K5Q3Oh,2,TRUE,NA
rs13167810,C,G,C,G,0.00939,-6.643e-4,0.8333,0.858069,FALSE,TRUE,FALSE,7rgHSI,0.005789,0.9086,ab42,TRUE,reported,0.00193,1.14e-6,educ,TRUE,reported,K5Q3Oh,2,TRUE,NA
rs13168136,G,A,G,A,0.00924,0.0159,0.2483,0.251463,FALSE,FALSE,FALSE,7rgHSI,0.00478,8.887e-4,ab42,TRUE,reported,0.00166,2.57e-8,educ,TRUE,reported,K5Q3Oh,2,TRUE,NA
rs13169187,A,G,A,G,-0.00789,-0.007738,0.568,0.5528489999999999,FALSE,FALSE,FALSE,7rgHSI,0.004093,0.05874,ab42,TRUE,reported,0.00141,2.01e-8,educ,TRUE,reported,K5Q3Oh,2,TRUE,NA
rs13175613,G,C,G,C,0.00711,0.006266,0.3588,0.377148,FALSE,TRUE,FALSE,7rgHSI,0.004334,0.1484,ab42,TRUE,reported,0.00147,1.36e-6,educ,TRUE,reported,K5Q3Oh,2,TRUE,NA
rs13176773,G,T,G,T,0.01144,-0.01447,0.94898,0.92162,FALSE,FALSE,FALSE,7rgHSI,0.008466,0.08754,ab42,TRUE,reported,0.00249,4.28e-6,educ,TRUE,reported,K5Q3Oh,2,TRUE,NA
rs13182649,G,A,G,A,-0.00926,-0.003281,0.1497,0.158747,FALSE,FALSE,FALSE,7rgHSI,0.005819,0.5729,ab42,TRUE,reported,0.00195,1.95e-6,educ,TRUE,reported,K5Q3Oh,2,TRUE,NA
rs13190235,C,T,C,T,0.01385,0.01065,0.07653,0.0954265,FALSE,FALSE,FALSE,7rgHSI,0.006707,0.1124,ab42,TRUE,reported,0.00238,5.66e-9,educ,TRUE,reported,K5Q3Oh,2,TRUE,NA
rs13192403,A,T,A,T,-0.01084,-3.439e-4,0.09184,0.11664600000000003,FALSE,TRUE,FALSE,7rgHSI,0.006236,0.956,ab42,TRUE,reported,0.00226,1.62e-6,educ,TRUE,reported,K5Q3Oh,2,TRUE,NA
rs13197257,T,G,T,G,0.01094,0.002254,0.2755,0.259794,FALSE,FALSE,FALSE,7rgHSI,0.004614,0.6252,ab42,TRUE,reported,0.00157,2.83e-12,educ,TRUE,reported,K5Q3Oh,2,TRUE,NA
rs1320139,G,C,G,C,0.0149,0.001112,0.5527,0.585079,FALSE,TRUE,TRUE,7rgHSI,0.004044,0.7833,ab42,TRUE,reported,0.00142,7.62e-26,educ,TRUE,reported,K5Q3Oh,2,FALSE,NA
rs13208248,C,A,C,A,0.00793,0.001455,0.6599,0.708654,FALSE,FALSE,FALSE,7rgHSI,0.004474,0.745,ab42,TRUE,reported,0.00152,1.92e-7,educ,TRUE,reported,K5Q3Oh,2,TRUE,NA
rs13212041,C,T,C,T,-0.01013,0.002078,0.2143,0.20029300000000005,FALSE,FALSE,FALSE,7rgHSI,0.005165,0.6875,ab42,TRUE,reported,0.00175,7.42e-9,educ,TRUE,reported,K5Q3Oh,2,TRUE,NA
rs13216156,T,G,T,G,0.01083,0.003024,0.1565,0.120142,FALSE,FALSE,FALSE,7rgHSI,0.006451,0.6392,ab42,TRUE,reported,0.00214,4.41e-7,educ,TRUE,reported,K5Q3Oh,2,TRUE,NA
rs13216468,T,G,T,G,0.01441,-0.004325,0.08333,0.0847398,FALSE,FALSE,FALSE,7rgHSI,0.007741,0.5764,ab42,TRUE,reported,0.00275,1.6e-7,educ,TRUE,reported,K5Q3Oh,2,TRUE,NA
rs13240401,T,C,T,C,0.01756,-0.008132,0.7517,0.789898,FALSE,FALSE,FALSE,7rgHSI,0.004974,0.1022,ab42,TRUE,reported,0.00172,2.36e-24,educ,TRUE,reported,K5Q3Oh,2,TRUE,NA
rs13241422,G,A,G,A,0.01063,-0.004299,0.8878,0.885233,FALSE,FALSE,FALSE,7rgHSI,0.00656,0.5123,ab42,TRUE,reported,0.00218,1.07e-6,educ,TRUE,reported,K5Q3Oh,2,TRUE,NA
rs13246220,G,T,G,T,0.00934,-0.01296,0.3878,0.37312900000000004,FALSE,FALSE,FALSE,7rgHSI,0.004142,0.001765,ab42,TRUE,reported,0.00144,8.53e-11,educ,TRUE,reported,K5Q3Oh,2,TRUE,NA
rs13252551,T,C,T,C,0.0073,0.005395,0.3861,0.420219,FALSE,FALSE,FALSE,7rgHSI,0.004259,0.2053,ab42,TRUE,reported,0.00144,3.71e-7,educ,TRUE,reported,K5Q3Oh,2,TRUE,NA
rs13261773,G,C,G,C,-0.01223,0.002352,0.8367,0.836387,FALSE,TRUE,FALSE,7rgHSI,0.005393,0.6628,ab42,TRUE,reported,0.00194,3.12e-10,educ,TRUE,reported,K5Q3Oh,2,TRUE,NA
rs13266287,T,A,T,A,0.00854,0.007713,0.3759,0.34729,FALSE,TRUE,FALSE,7rgHSI,0.004313,0.07379,ab42,TRUE,reported,0.00152,1.75e-8,educ,TRUE,reported,K5Q3Oh,2,TRUE,NA
rs13270165,T,C,T,C,-0.00706,-0.0092,0.4269,0.429489,FALSE,FALSE,FALSE,7rgHSI,0.004125,0.0258,ab42,TRUE,reported,0.00141,5.9e-7,educ,TRUE,reported,K5Q3Oh,2,TRUE,NA
rs13275199,G,A,G,A,0.00915,-0.007562,0.7806,0.79692,FALSE,FALSE,FALSE,7rgHSI,0.0053,0.1538,ab42,TRUE,reported,0.00183,6.2e-7,educ,TRUE,reported,K5Q3Oh,2,TRUE,NA
rs1327710,C,T,C,T,-0.00876,9.179e-4,0.8214,0.812027,FALSE,FALSE,FALSE,7rgHSI,0.005202,0.86,ab42,TRUE,reported,0.00181,1.32e-6,educ,TRUE,reported,K5Q3Oh,2,TRUE,NA
rs13281564,A,G,A,G,0.00879,-0.007148,0.5255,0.5351710000000001,FALSE,FALSE,FALSE,7rgHSI,0.004222,0.09057,ab42,TRUE,reported,0.00141,4.02e-10,educ,TRUE,reported,K5Q3Oh,2,TRUE,NA
rs13285921,G,C,G,C,0.00827,1.508e-4,0.1939,0.243502,FALSE,TRUE,FALSE,7rgHSI,0.00502,0.976,ab42,TRUE,reported,0.00165,5.07e-7,educ,TRUE,reported,K5Q3Oh,2,TRUE,NA
rs132898,A,G,A,G,0.00669,-5.243e-5,0.4422,0.46188799999999997,FALSE,FALSE,FALSE,7rgHSI,0.004045,0.9897,ab42,TRUE,reported,0.00141,1.96e-6,educ,TRUE,reported,K5Q3Oh,2,TRUE,NA
rs1329044,C,T,C,T,-0.01344,-0.006627,0.1497,0.158562,FALSE,FALSE,FALSE,7rgHSI,0.005772,0.251,ab42,TRUE,reported,0.00187,6.2800000000000005e-13,educ,TRUE,reported,K5Q3Oh,2,TRUE,NA
rs1329125,C,T,C,T,0.00973,0.002969,0.6786,0.691792,FALSE,FALSE,FALSE,7rgHSI,0.00453,0.5123,ab42,TRUE,reported,0.0015,8.37e-11,educ,TRUE,reported,K5Q3Oh,2,TRUE,NA
rs13296345,C,T,C,T,-0.00902,0.001701,0.3878,0.386403,FALSE,FALSE,FALSE,7rgHSI,0.004188,0.6846,ab42,TRUE,reported,0.00145,5.35e-10,educ,TRUE,reported,K5Q3Oh,2,TRUE,NA
rs13307089,C,A,C,A,-0.01236,0.001178,0.2007,0.208593,FALSE,FALSE,FALSE,7rgHSI,0.0051,0.8174,ab42,TRUE,reported,0.00237,1.74e-7,educ,TRUE,reported,K5Q3Oh,2,TRUE,NA
rs13318986,G,A,G,A,-0.01237,0.007385,0.6497,0.653973,FALSE,FALSE,FALSE,7rgHSI,0.004367,0.0909,ab42,TRUE,reported,0.00149,1.17e-16,educ,TRUE,reported,K5Q3Oh,2,TRUE,NA
rs13327482,A,G,A,G,-0.01208,-0.008369,0.8469,0.826948,FALSE,FALSE,FALSE,7rgHSI,0.005381,0.1199,ab42,TRUE,reported,0.00183,4.47e-11,educ,TRUE,reported,K5Q3Oh,2,TRUE,NA
rs1333111,A,G,A,G,-0.00725,-8.485e-5,0.3299,0.339051,FALSE,FALSE,FALSE,7rgHSI,0.004312,0.9843,ab42,TRUE,reported,0.0015,1.3e-6,educ,TRUE,reported,K5Q3Oh,2,TRUE,NA
rs13336833,G,T,G,T,0.00696,0.003086,0.6905,0.664921,FALSE,FALSE,FALSE,7rgHSI,0.00435,0.4781,ab42,TRUE,reported,0.0015,3.57e-6,educ,TRUE,reported,K5Q3Oh,2,TRUE,NA
rs1334297,A,G,A,G,0.02567,0.00533,0.784,0.750955,FALSE,FALSE,FALSE,7rgHSI,0.004601,0.2468,ab42,TRUE,reported,0.00159,2.53e-58,educ,TRUE,reported,K5Q3Oh,2,TRUE,NA
rs1335482,C,T,C,T,-0.00956,-6.374e-4,0.4184,0.433215,FALSE,FALSE,FALSE,7rgHSI,0.004285,0.8818,ab42,TRUE,reported,0.0014,1.01e-11,educ,TRUE,reported,K5Q3Oh,2,TRUE,NA
rs13361043,T,C,T,C,-0.01577,0.007743,0.93367,0.9172775,FALSE,FALSE,FALSE,7rgHSI,0.008072,0.3375,ab42,TRUE,reported,0.0028,1.84e-8,educ,TRUE,reported,K5Q3Oh,2,TRUE,NA
rs13381557,G,A,G,A,0.00867,-2.34e-4,0.4745,0.462935,FALSE,FALSE,FALSE,7rgHSI,0.004095,0.9544,ab42,TRUE,reported,0.00141,7.4e-10,educ,TRUE,reported,K5Q3Oh,2,TRUE,NA
rs13388333,A,G,A,G,0.00845,-1.875e-4,0.6071,0.629289,FALSE,FALSE,FALSE,7rgHSI,0.004228,0.9646,ab42,TRUE,reported,0.00146,6.48e-9,educ,TRUE,reported,K5Q3Oh,2,TRUE,NA
rs13397529,C,G,C,G,-0.00971,-0.003947,0.2211,0.239175,FALSE,TRUE,FALSE,7rgHSI,0.004823,0.4132,ab42,TRUE,reported,0.00168,7.22e-9,educ,TRUE,reported,K5Q3Oh,2,TRUE,NA
rs13398041,C,G,C,G,-0.00904,0.003585,0.7585,0.789529,FALSE,TRUE,FALSE,7rgHSI,0.00494,0.4681,ab42,TRUE,reported,0.00173,1.61e-7,educ,TRUE,reported,K5Q3Oh,2,TRUE,NA
rs13398860,A,G,A,G,0.00859,-0.002678,0.648,0.692054,FALSE,FALSE,FALSE,7rgHSI,0.00444,0.5465,ab42,TRUE,reported,0.00148,5.89e-9,educ,TRUE,reported,K5Q3Oh,2,TRUE,NA
rs13402497,A,T,A,T,-0.00798,0.001724,0.5017,0.509116,FALSE,TRUE,TRUE,7rgHSI,0.004026,0.6685,ab42,TRUE,reported,0.0014,1.33e-8,educ,TRUE,reported,K5Q3Oh,2,FALSE,NA
rs1341788,A,G,A,G,0.00853,3.82e-4,0.8197,0.7917,FALSE,FALSE,FALSE,7rgHSI,0.004989,0.939,ab42,TRUE,reported,0.00173,8.72e-7,educ,TRUE,reported,K5Q3Oh,2,TRUE,NA
rs13419135,C,G,C,G,0.00827,-0.001315,0.182,0.18986800000000004,FALSE,TRUE,FALSE,7rgHSI,0.005125,0.7975,ab42,TRUE,reported,0.00174,2.05e-6,educ,TRUE,reported,K5Q3Oh,2,TRUE,NA
rs13422673,C,T,C,T,0.01096,-0.003749,0.5153,0.542516,FALSE,FALSE,FALSE,7rgHSI,0.004185,0.3704,ab42,TRUE,reported,0.00141,6.48e-15,educ,TRUE,reported,K5Q3Oh,2,TRUE,NA
rs13426934,G,A,G,A,0.00863,-0.002479,0.2041,0.177256,FALSE,FALSE,FALSE,7rgHSI,0.005428,0.6479,ab42,TRUE,reported,0.00182,2.03e-6,educ,TRUE,reported,K5Q3Oh,2,TRUE,NA
rs1344242,T,C,T,C,-0.00896,8.078e-4,0.2381,0.2253,FALSE,FALSE,FALSE,7rgHSI,0.004898,0.869,ab42,TRUE,reported,0.00172,2.04e-7,educ,TRUE,reported,K5Q3Oh,2,TRUE,NA
rs1344544,G,A,G,A,-0.00716,-1.938e-4,0.3452,0.333,FALSE,FALSE,FALSE,7rgHSI,0.004344,0.9644,ab42,TRUE,reported,0.00152,2.3e-6,educ,TRUE,reported,K5Q3Oh,2,TRUE,NA
rs1345259,G,A,G,A,0.00726,-0.003302,0.3418,0.383569,FALSE,FALSE,FALSE,7rgHSI,0.00415,0.4264,ab42,TRUE,reported,0.00144,4.87e-7,educ,TRUE,reported,K5Q3Oh,2,TRUE,NA
rs1351122,A,T,A,T,0.00768,0.006536,0.3231,0.309332,FALSE,TRUE,FALSE,7rgHSI,0.004523,0.1485,ab42,TRUE,reported,0.00152,4.35e-7,educ,TRUE,reported,K5Q3Oh,2,TRUE,NA
rs135330,C,T,C,T,0.0087,-0.009388,0.801,0.773884,FALSE,FALSE,FALSE,7rgHSI,0.004825,0.05179,ab42,TRUE,reported,0.00173,5.02e-7,educ,TRUE,reported,K5Q3Oh,2,TRUE,NA
rs1354241,G,C,G,C,0.00663,-0.004201,0.4167,0.38638700000000004,FALSE,TRUE,FALSE,7rgHSI,0.004359,0.3352,ab42,TRUE,reported,0.00143,3.68e-6,educ,TRUE,reported,K5Q3Oh,2,TRUE,NA
rs137079,C,T,C,T,-0.01283,-0.01261,0.8724,0.862365,FALSE,FALSE,FALSE,7rgHSI,0.005731,0.02783,ab42,TRUE,reported,0.00204,3.06e-10,educ,TRUE,reported,K5Q3Oh,2,TRUE,NA
rs1375013,T,C,T,C,-0.00807,0.004473,0.6412,0.679227,FALSE,FALSE,FALSE,7rgHSI,0.004308,0.2992,ab42,TRUE,reported,0.0015,7.93e-8,educ,TRUE,reported,K5Q3Oh,2,TRUE,NA
rs1379503,G,T,G,T,-0.00759,0.005835,0.551,0.552279,FALSE,FALSE,FALSE,7rgHSI,0.004158,0.1606,ab42,TRUE,reported,0.00141,6.81e-8,educ,TRUE,reported,K5Q3Oh,2,TRUE,NA
rs138056327,T,C,T,C,-0.01415,-0.0135,0.04422,0.0522328,FALSE,FALSE,FALSE,7rgHSI,0.008928,0.1305,ab42,TRUE,reported,0.00292,1.24e-6,educ,TRUE,reported,K5Q3Oh,2,TRUE,NA
rs138094079,C,T,C,T,-0.01046,-0.003793,0.1054,0.120034,FALSE,FALSE,FALSE,7rgHSI,0.006226,0.5424,ab42,TRUE,reported,0.00218,1.57e-6,educ,TRUE,reported,K5Q3Oh,2,TRUE,NA
rs1382421,G,A,G,A,0.00714,-0.005454,0.3146,0.3247,FALSE,FALSE,FALSE,7rgHSI,0.004315,0.2063,ab42,TRUE,reported,0.00147,1.25e-6,educ,TRUE,reported,K5Q3Oh,2,TRUE,NA
rs138663962,C,T,C,T,0.01545,-0.01323,0.93027,0.934401,FALSE,FALSE,FALSE,7rgHSI,0.009191,0.1501,ab42,TRUE,reported,0.00309,5.99e-7,educ,TRUE,reported,K5Q3Oh,2,TRUE,NA
rs1394820,C,T,C,T,-0.00671,0.002581,0.6224,0.624884,FALSE,FALSE,FALSE,7rgHSI,0.004182,0.5372,ab42,TRUE,reported,0.00144,3.36e-6,educ,TRUE,reported,K5Q3Oh,2,TRUE,NA
rs139612798,C,T,C,T,0.02134,-0.01051,0.05442,0.0277641,FALSE,FALSE,FALSE,7rgHSI,0.01213,0.3865,ab42,TRUE,reported,0.00417,3.1e-7,educ,TRUE,reported,K5Q3Oh,2,TRUE,NA
rs139980871,C,T,C,T,-0.01801,-0.005962,0.94218,0.9435325,FALSE,FALSE,FALSE,7rgHSI,0.008991,0.5073,ab42,TRUE,reported,0.00291,5.78e-10,educ,TRUE,reported,K5Q3Oh,2,TRUE,NA
rs140000867,C,A,C,A,-0.01199,-0.001788,0.1293,0.116631,FALSE,FALSE,FALSE,7rgHSI,0.006871,0.7947,ab42,TRUE,reported,0.00226,1.13e-7,educ,TRUE,reported,K5Q3Oh,2,TRUE,NA
rs1402522,C,T,C,T,0.00676,-0.008828,0.6803,0.653557,FALSE,FALSE,FALSE,7rgHSI,0.004249,0.03782,ab42,TRUE,reported,0.00146,3.58e-6,educ,TRUE,reported,K5Q3Oh,2,TRUE,NA
rs1404549,G,A,G,A,0.00892,0.008842,0.7296,0.67142,FALSE,FALSE,FALSE,7rgHSI,0.00456,0.05259,ab42,TRUE,reported,0.00149,2.38e-9,educ,TRUE,reported,K5Q3Oh,2,TRUE,NA
rs1405876,G,T,G,T,-0.01093,-0.005152,0.3588,0.343502,FALSE,FALSE,FALSE,7rgHSI,0.00426,0.2266,ab42,TRUE,reported,0.00146,7.84e-14,educ,TRUE,reported,K5Q3Oh,2,TRUE,NA
rs1408284,C,G,C,G,-0.01267,0.007139,0.8776,0.858962,FALSE,TRUE,FALSE,7rgHSI,0.006199,0.2496,ab42,TRUE,reported,0.00204,5.71e-10,educ,TRUE,reported,K5Q3Oh,2,TRUE,NA
rs1408430,C,G,C,G,0.00962,-4.352e-4,0.7211,0.7271639999999999,FALSE,TRUE,FALSE,7rgHSI,0.004569,0.9241,ab42,TRUE,reported,0.00156,7.09e-10,educ,TRUE,reported,K5Q3Oh,2,TRUE,NA
rs141056231,A,T,A,T,-0.01163,-0.01327,0.1156,0.0857099,FALSE,TRUE,FALSE,7rgHSI,0.007898,0.09309,ab42,TRUE,reported,0.00243,1.63e-6,educ,TRUE,reported,K5Q3Oh,2,TRUE,NA
rs141729694,C,T,C,T,-0.01947,0.009021,0.90136,0.9240684,FALSE,FALSE,FALSE,7rgHSI,0.007805,0.2479,ab42,TRUE,reported,0.00263,1.49e-13,educ,TRUE,reported,K5Q3Oh,2,TRUE,NA
rs1418609,T,C,T,C,-0.00895,0.007219,0.2296,0.240145,FALSE,FALSE,FALSE,7rgHSI,0.004775,0.1307,ab42,TRUE,reported,0.00165,5.75e-8,educ,TRUE,reported,K5Q3Oh,2,TRUE,NA
rs141959422,C,T,C,T,-0.01059,0.001605,0.8844,0.894749,FALSE,FALSE,FALSE,7rgHSI,0.007245,0.8247,ab42,TRUE,reported,0.0023,4.24e-6,educ,TRUE,reported,K5Q3Oh,2,TRUE,NA
rs141979783,T,C,T,C,0.0163,0.006896,0.05102,0.0391284,FALSE,FALSE,FALSE,7rgHSI,0.01191,0.5625,ab42,TRUE,reported,0.00344,2.14e-6,educ,TRUE,reported,K5Q3Oh,2,TRUE,NA
rs142014757,A,G,A,G,0.01022,-0.002079,0.8282,0.835387,FALSE,FALSE,FALSE,7rgHSI,0.005393,0.6998,ab42,TRUE,reported,0.00181,1.74e-8,educ,TRUE,reported,K5Q3Oh,2,TRUE,NA
rs142344547,A,G,A,G,0.0165,0.006186,0.04082,0.0662612,FALSE,FALSE,FALSE,7rgHSI,0.008624,0.4733,ab42,TRUE,reported,0.00292,1.58e-8,educ,TRUE,reported,K5Q3Oh,2,TRUE,NA
rs1426619,T,C,T,C,0.00956,5.789e-4,0.4388,0.435156,FALSE,FALSE,FALSE,7rgHSI,0.00412,0.8883,ab42,TRUE,reported,0.00142,1.4e-11,educ,TRUE,reported,K5Q3Oh,2,TRUE,NA
rs1427298,C,T,C,T,-0.00862,0.002783,0.5884,0.5911759999999999,FALSE,FALSE,FALSE,7rgHSI,0.004336,0.521,ab42,TRUE,reported,0.00142,1.33e-9,educ,TRUE,reported,K5Q3Oh,2,TRUE,NA
rs1427829,G,A,G,A,0.00833,0.001168,0.5544,0.535725,FALSE,FALSE,FALSE,7rgHSI,0.004097,0.7756,ab42,TRUE,reported,0.00141,3.29e-9,educ,TRUE,reported,K5Q3Oh,2,TRUE,NA
rs1434630,G,T,G,T,0.01367,-0.008164,0.8418,0.849107,FALSE,FALSE,FALSE,7rgHSI,0.005647,0.1484,ab42,TRUE,reported,0.00198,4.63e-12,educ,TRUE,reported,K5Q3Oh,2,TRUE,NA
rs1437394,A,T,A,T,0.00772,9.449e-4,0.6071,0.580213,FALSE,TRUE,FALSE,7rgHSI,0.004095,0.8175,ab42,TRUE,reported,0.00142,5.14e-8,educ,TRUE,reported,K5Q3Oh,2,TRUE,NA
rs143812851,G,A,G,A,0.01132,5.668e-5,0.8537,0.836064,FALSE,FALSE,FALSE,7rgHSI,0.005698,0.9921,ab42,TRUE,reported,0.0018600000000000001,1.03e-9,educ,TRUE,reported,K5Q3Oh,2,TRUE,NA
rs1440930,G,C,G,C,-0.0081,-0.007946,0.5272,0.5192490000000001,FALSE,TRUE,TRUE,7rgHSI,0.004083,0.05172,ab42,TRUE,reported,0.00141,8.94e-9,educ,TRUE,reported,K5Q3Oh,2,FALSE,NA
rs144336753,A,G,A,G,0.0388,-0.005383,0.02041,0.0209886,FALSE,FALSE,FALSE,7rgHSI,0.0142,0.7048,ab42,TRUE,reported,0.0053,2.56e-13,educ,TRUE,reported,K5Q3Oh,2,TRUE,NA
rs1445591,A,G,A,G,0.00846,0.001385,0.7381,0.7251460000000001,FALSE,FALSE,FALSE,7rgHSI,0.00489,0.777,ab42,TRUE,reported,0.00154,4.02e-8,educ,TRUE,reported,K5Q3Oh,2,TRUE,NA
rs144965899,C,G,C,G,-0.01945,-0.006469,0.03571,0.0384509,FALSE,TRUE,FALSE,7rgHSI,0.009825,0.5103,ab42,TRUE,reported,0.00341,1.14e-8,educ,TRUE,reported,K5Q3Oh,2,TRUE,NA
rs145054300,G,A,G,A,0.01192,-0.006124,0.8707,0.880659,FALSE,FALSE,FALSE,7rgHSI,0.006627,0.3555,ab42,TRUE,reported,0.00221,7.18e-8,educ,TRUE,reported,K5Q3Oh,2,TRUE,NA
rs145185045,C,T,C,T,-0.00885,0.004791,0.267,0.209824,FALSE,FALSE,FALSE,7rgHSI,0.005122,0.3496,ab42,TRUE,reported,0.00172,2.8e-7,educ,TRUE,reported,K5Q3Oh,2,TRUE,NA
rs1453213,T,C,T,C,-0.00847,-0.004762,0.2619,0.268494,FALSE,FALSE,FALSE,7rgHSI,0.004553,0.2957,ab42,TRUE,reported,0.0016,1.1e-7,educ,TRUE,reported,K5Q3Oh,2,TRUE,NA
rs1461224,G,T,G,T,-0.00706,-0.005412,0.4881,0.45565100000000003,FALSE,FALSE,FALSE,7rgHSI,0.004048,0.1813,ab42,TRUE,reported,0.0014,4.9e-7,educ,TRUE,reported,K5Q3Oh,2,TRUE,NA
rs1461680,G,A,G,A,0.00711,0.003929,0.5272,0.533616,FALSE,FALSE,FALSE,7rgHSI,0.004075,0.335,ab42,TRUE,reported,0.00141,4.28e-7,educ,TRUE,reported,K5Q3Oh,2,TRUE,NA
rs1462657,C,T,C,T,-0.00984,-0.01073,0.1786,0.146966,FALSE,FALSE,FALSE,7rgHSI,0.005898,0.06904,ab42,TRUE,reported,0.00197,6.05e-7,educ,TRUE,reported,K5Q3Oh,2,TRUE,NA
rs1464297,T,C,T,C,-0.01085,4.453e-4,0.6735,0.643979,FALSE,FALSE,FALSE,7rgHSI,0.004377,0.919,ab42,TRUE,reported,0.00147,1.49e-13,educ,TRUE,reported,K5Q3Oh,2,TRUE,NA
rs146671954,A,G,A,G,-0.01265,-1.929e-4,0.1633,0.165661,FALSE,FALSE,FALSE,7rgHSI,0.005198,0.9704,ab42,TRUE,reported,0.00245,2.53e-7,educ,TRUE,reported,K5Q3Oh,2,TRUE,NA
rs1470516,A,G,A,G,0.00717,0.005039,0.4099,0.441392,FALSE,FALSE,FALSE,7rgHSI,0.004042,0.2126,ab42,TRUE,reported,0.00141,3.92e-7,educ,TRUE,reported,K5Q3Oh,2,TRUE,NA
rs1472067,G,C,G,C,0.01063,0.007588,0.8724,0.889683,FALSE,TRUE,FALSE,7rgHSI,0.00664,0.2533,ab42,TRUE,reported,0.00211,4.8e-7,educ,TRUE,reported,K5Q3Oh,2,TRUE,NA
rs1473634,A,G,A,G,-0.00774,-0.004487,0.7007,0.6977059999999999,FALSE,FALSE,FALSE,7rgHSI,0.004519,0.3209,ab42,TRUE,reported,0.00154,4.75e-7,educ,TRUE,reported,K5Q3Oh,2,TRUE,NA
rs1475550,A,G,A,G,-0.00692,-0.00648,0.6718,0.6698029999999999,FALSE,FALSE,FALSE,7rgHSI,0.004344,0.1359,ab42,TRUE,reported,0.00151,4.73e-6,educ,TRUE,reported,K5Q3Oh,2,TRUE,NA
rs1476646,C,A,C,A,-0.00713,-0.001818,0.3929,0.33725,FALSE,FALSE,FALSE,7rgHSI,0.004275,0.6707,ab42,TRUE,reported,0.00145,9.33e-7,educ,TRUE,reported,K5Q3Oh,2,TRUE,NA
rs1478060,A,G,A,G,0.01118,-0.009298,0.1156,0.09728999999999999,FALSE,FALSE,FALSE,7rgHSI,0.007006,0.1845,ab42,TRUE,reported,0.00243,4.11e-6,educ,TRUE,reported,K5Q3Oh,2,TRUE,NA
rs147887767,G,A,G,A,-0.02239,-0.02128,0.04592,0.02664,FALSE,FALSE,FALSE,7rgHSI,0.01312,0.1048,ab42,TRUE,reported,0.00429,1.86e-7,educ,TRUE,reported,K5Q3Oh,2,TRUE,NA
rs147914301,A,G,A,G,-0.02377,-0.01052,0.97959,0.9831999,FALSE,FALSE,FALSE,7rgHSI,0.01379,0.4456,ab42,TRUE,reported,0.00474,5.35e-7,educ,TRUE,reported,K5Q3Oh,2,TRUE,NA
rs147987632,T,C,T,C,-0.02159,-0.002029,0.02551,0.0313674,FALSE,FALSE,FALSE,7rgHSI,0.01194,0.8651,ab42,TRUE,reported,0.00419,2.59e-7,educ,TRUE,reported,K5Q3Oh,2,TRUE,NA
rs148434125,A,T,A,T,-0.00725,-5.052e-4,0.4558,0.481521,FALSE,TRUE,TRUE,7rgHSI,0.004023,0.9001,ab42,TRUE,reported,0.0014,2.32e-7,educ,TRUE,reported,K5Q3Oh,2,FALSE,NA
rs148526428,T,C,T,C,0.01264,-0.00282,0.1173,0.0805359,FALSE,FALSE,FALSE,7rgHSI,0.007232,0.6967,ab42,TRUE,reported,0.00251,4.87e-7,educ,TRUE,reported,K5Q3Oh,2,TRUE,NA
rs1485300,G,C,G,C,-0.00977,-0.003192,0.3299,0.331337,TRUE,TRUE,TRUE,7rgHSI,0.004354,0.4636,ab42,TRUE,reported,0.00152,1.14e-10,educ,TRUE,reported,K5Q3Oh,2,FALSE,NA
rs148537066,G,A,G,A,0.01554,-0.002751,0.95068,0.9436865,FALSE,FALSE,FALSE,7rgHSI,0.008931,0.7581,ab42,TRUE,reported,0.00311,5.68e-7,educ,TRUE,reported,K5Q3Oh,2,TRUE,NA
rs1490612,T,G,T,G,0.01931,0.003146,0.07483,0.0749769,FALSE,FALSE,FALSE,7rgHSI,0.007662,0.6814,ab42,TRUE,reported,0.00262,1.55e-13,educ,TRUE,reported,K5Q3Oh,2,TRUE,NA
rs149671,C,G,C,G,-0.00924,-2.611e-4,0.8231,0.8303510000000001,FALSE,TRUE,FALSE,7rgHSI,0.00549,0.9621,ab42,TRUE,reported,0.00184,5.09e-7,educ,TRUE,reported,K5Q3Oh,2,TRUE,NA
rs149957,G,T,G,T,0.01269,-0.014880000000000001,0.91327,0.9060363,FALSE,FALSE,FALSE,7rgHSI,0.00751,0.04758,ab42,TRUE,reported,0.00263,1.45e-6,educ,TRUE,reported,K5Q3Oh,2,TRUE,NA
rs150475362,G,C,G,C,-0.01059,0.007499,0.2874,0.301555,FALSE,TRUE,FALSE,7rgHSI,0.004452,0.09226,ab42,TRUE,reported,0.00203,1.87e-7,educ,TRUE,reported,K5Q3Oh,2,TRUE,NA
rs150537577,A,G,A,G,-0.01511,0.01435,0.94218,0.9167847,FALSE,FALSE,FALSE,7rgHSI,0.007688,0.062,ab42,TRUE,reported,0.00263,9.5e-9,educ,TRUE,reported,K5Q3Oh,2,TRUE,NA
rs1505676,C,G,C,G,0.00842,0.004902,0.6497,0.628103,FALSE,TRUE,FALSE,7rgHSI,0.004194,0.2426,ab42,TRUE,reported,0.00145,6.67e-9,educ,TRUE,reported,K5Q3Oh,2,TRUE,NA
rs1506633,C,T,C,T,-0.00688,0.001821,0.6548,0.625423,FALSE,FALSE,FALSE,7rgHSI,0.00417,0.6624,ab42,TRUE,reported,0.00146,2.6e-6,educ,TRUE,reported,K5Q3Oh,2,TRUE,NA
rs1506876,T,C,T,C,-0.00715,0.007825,0.602,0.584524,FALSE,FALSE,FALSE,7rgHSI,0.004217,0.06364,ab42,TRUE,reported,0.00141,3.94e-7,educ,TRUE,reported,K5Q3Oh,2,TRUE,NA
rs150821390,C,T,C,T,0.02169,-6.442e-4,0.97449,0.976255,FALSE,FALSE,FALSE,7rgHSI,0.01371,0.9625,ab42,TRUE,reported,0.0044,8.27e-7,educ,TRUE,reported,K5Q3Oh,2,TRUE,NA
rs150831392,T,C,T,C,-0.01054,-0.01486,0.08673,0.0975054,FALSE,FALSE,FALSE,7rgHSI,0.00698,0.03331,ab42,TRUE,reported,0.0023,4.38e-6,educ,TRUE,reported,K5Q3Oh,2,TRUE,NA
rs151359,C,G,C,G,-0.00715,0.001692,0.2942,0.35177099999999994,FALSE,TRUE,FALSE,7rgHSI,0.004258,0.6912,ab42,TRUE,reported,0.00147,1.22e-6,educ,TRUE,reported,K5Q3Oh,2,TRUE,NA
rs151381,T,C,T,C,-0.0087,-0.001191,0.4983,0.508223,FALSE,FALSE,FALSE,7rgHSI,0.004076,0.7701,ab42,TRUE,reported,0.00141,7.01e-10,educ,TRUE,reported,K5Q3Oh,2,TRUE,NA
rs1516886,G,C,G,C,-0.00929,0.00665,0.784,0.811965,FALSE,TRUE,FALSE,7rgHSI,0.005229,0.2036,ab42,TRUE,reported,0.00179,2.13e-7,educ,TRUE,reported,K5Q3Oh,2,TRUE,NA
rs1518890,C,T,C,T,0.00896,-7.141e-4,0.7517,0.76010200000000006,FALSE,FALSE,FALSE,7rgHSI,0.004601,0.8767,ab42,TRUE,reported,0.00161,2.68e-8,educ,TRUE,reported,K5Q3Oh,2,TRUE,NA
rs1519799,A,T,A,T,0.00764,0.004957,0.5731,0.576286,FALSE,TRUE,TRUE,7rgHSI,0.004164,0.2339,ab42,TRUE,reported,0.00142,7.48e-8,educ,TRUE,reported,K5Q3Oh,2,FALSE,NA
rs1522803,T,C,T,C,0.00721,-0.01287,0.4796,0.470434,FALSE,FALSE,FALSE,7rgHSI,0.004268,0.002583,ab42,TRUE,reported,0.00142,3.73e-7,educ,TRUE,reported,K5Q3Oh,2,TRUE,NA
rs1527057,C,T,C,T,-0.00658,-5.476e-4,0.4269,0.450477,FALSE,FALSE,FALSE,7rgHSI,0.004083,0.8933,ab42,TRUE,reported,0.00141,2.97e-6,educ,TRUE,reported,K5Q3Oh,2,TRUE,NA
rs1527878,G,A,G,A,0.01047,0.001168,0.25,0.24764399999999998,FALSE,FALSE,FALSE,7rgHSI,0.004653,0.8019,ab42,TRUE,reported,0.00163,1.49e-10,educ,TRUE,reported,K5Q3Oh,2,TRUE,NA
rs1529597,A,C,A,C,0.02235,0.01437,0.96769,0.9665537,FALSE,FALSE,FALSE,7rgHSI,0.01142,0.2082,ab42,TRUE,reported,0.00378,3.36e-9,educ,TRUE,reported,K5Q3Oh,2,TRUE,NA
rs153384,C,T,C,T,0.0091,-4.341e-5,0.8503,0.845334,FALSE,FALSE,FALSE,7rgHSI,0.005724,0.994,ab42,TRUE,reported,0.0019,1.66e-6,educ,TRUE,reported,K5Q3Oh,2,TRUE,NA
rs1538389,C,T,C,T,0.01086,0.007917,0.7908,0.8132429999999999,FALSE,FALSE,FALSE,7rgHSI,0.005419,0.1441,ab42,TRUE,reported,0.00179,1.27e-9,educ,TRUE,reported,K5Q3Oh,2,TRUE,NA
rs1539985,T,C,T,C,0.00706,0.007384,0.517,0.525793,FALSE,FALSE,FALSE,7rgHSI,0.004049,0.0683,ab42,TRUE,reported,0.0014,4.92e-7,educ,TRUE,reported,K5Q3Oh,2,TRUE,NA
rs1540687,T,A,T,A,0.00707,-0.001293,0.6786,0.656483,FALSE,TRUE,FALSE,7rgHSI,0.004256,0.7612,ab42,TRUE,reported,0.00149,2.02e-6,educ,TRUE,reported,K5Q3Oh,2,TRUE,NA
rs1542354,G,A,G,A,0.00836,0.003131,0.551,0.507083,FALSE,FALSE,FALSE,7rgHSI,0.004127,0.4482,ab42,TRUE,reported,0.00141,2.72e-9,educ,TRUE,reported,K5Q3Oh,2,TRUE,NA
rs1544,A,G,A,G,-0.00958,-0.001653,0.2738,0.264598,FALSE,FALSE,FALSE,7rgHSI,0.004754,0.7281,ab42,TRUE,reported,0.00159,1.76e-9,educ,TRUE,reported,K5Q3Oh,2,TRUE,NA
rs1548422,A,G,A,G,0.01241,0.01391,0.93707,0.9160148,FALSE,FALSE,FALSE,7rgHSI,0.008633,0.1071,ab42,TRUE,reported,0.00264,2.6e-6,educ,TRUE,reported,K5Q3Oh,2,TRUE,NA
rs1549965,G,C,G,C,-0.00705,0.001863,0.6412,0.673191,FALSE,TRUE,FALSE,7rgHSI,0.004307,0.6653,ab42,TRUE,reported,0.0015,2.66e-6,educ,TRUE,reported,K5Q3Oh,2,TRUE,NA
rs1551337,C,T,C,T,-0.00678,0.00178,0.5068,0.510641,FALSE,FALSE,FALSE,7rgHSI,0.004072,0.662,ab42,TRUE,reported,0.0014,1.34e-6,educ,TRUE,reported,K5Q3Oh,2,TRUE,NA
rs155947,C,T,C,T,0.00695,-7.006e-4,0.4847,0.44873700000000005,FALSE,FALSE,FALSE,7rgHSI,0.004064,0.8632,ab42,TRUE,reported,0.0014,7.47e-7,educ,TRUE,reported,K5Q3Oh,2,TRUE,NA
rs1564347,G,T,G,T,-0.00883,0.003566,0.6156,0.642932,FALSE,FALSE,FALSE,7rgHSI,0.004265,0.4032,ab42,TRUE,reported,0.00148,2.39e-9,educ,TRUE,reported,K5Q3Oh,2,TRUE,NA
rs1569092,A,G,A,G,0.01604,-0.004406,0.182,0.137712,FALSE,FALSE,FALSE,7rgHSI,0.005825,0.4494,ab42,TRUE,reported,0.00195,2.12e-16,educ,TRUE,reported,K5Q3Oh,2,TRUE,NA
rs157077,T,C,T,C,-0.00662,-0.001685,0.5187,0.5366029999999999,FALSE,FALSE,FALSE,7rgHSI,0.004038,0.6766,ab42,TRUE,reported,0.00141,2.74e-6,educ,TRUE,reported,K5Q3Oh,2,TRUE,NA
rs15739,A,G,A,G,-0.00701,-0.003996,0.5051,0.5034959999999999,FALSE,FALSE,FALSE,7rgHSI,0.004119,0.3321,ab42,TRUE,reported,0.0014,6.08e-7,educ,TRUE,reported,K5Q3Oh,2,TRUE,NA
rs1575050,T,C,T,C,0.0082,-0.003331,0.7755,0.733308,FALSE,FALSE,FALSE,7rgHSI,0.004656,0.4744,ab42,TRUE,reported,0.00162,4.08e-7,educ,TRUE,reported,K5Q3Oh,2,TRUE,NA
rs1582919,C,A,C,A,0.00698,-0.00501,0.5901,0.615507,FALSE,FALSE,FALSE,7rgHSI,0.004307,0.2449,ab42,TRUE,reported,0.00144,1.24e-6,educ,TRUE,reported,K5Q3Oh,2,TRUE,NA
rs1582931,G,A,G,A,0.00737,9.964e-4,0.551,0.5218659999999999,FALSE,FALSE,FALSE,7rgHSI,0.004057,0.806,ab42,TRUE,reported,0.00141,1.57e-7,educ,TRUE,reported,K5Q3Oh,2,TRUE,NA
rs1593022,T,G,T,G,-0.00989,-0.005812,0.2194,0.208993,FALSE,FALSE,FALSE,7rgHSI,0.004946,0.2401,ab42,TRUE,reported,0.00169,4.69e-9,educ,TRUE,reported,K5Q3Oh,2,TRUE,NA
rs1600353,C,G,C,G,-0.00721,-0.005317,0.3384,0.309239,FALSE,TRUE,FALSE,7rgHSI,0.004427,0.2299,ab42,TRUE,reported,0.00152,2.08e-6,educ,TRUE,reported,K5Q3Oh,2,TRUE,NA
rs1603460,G,T,G,T,-0.00902,0.005643,0.5765,0.586711,FALSE,FALSE,FALSE,7rgHSI,0.004084,0.1671,ab42,TRUE,reported,0.00142,2.2e-10,educ,TRUE,reported,K5Q3Oh,2,TRUE,NA
rs1603835,C,T,C,T,0.00691,1.739e-4,0.5,0.495996,FALSE,FALSE,FALSE,7rgHSI,0.003999,0.9653,ab42,TRUE,reported,0.00141,9.07e-7,educ,TRUE,reported,K5Q3Oh,2,TRUE,NA
rs1609309,A,T,A,T,-0.00693,-0.002065,0.4116,0.43049000000000004,FALSE,TRUE,TRUE,7rgHSI,0.004193,0.6225,ab42,TRUE,reported,0.00142,1.01e-6,educ,TRUE,reported,K5Q3Oh,2,FALSE,NA
rs1610243,C,T,C,T,0.00715,-0.003593,0.3605,0.39522599999999997,FALSE,FALSE,FALSE,7rgHSI,0.004397,0.4139,ab42,TRUE,reported,0.00144,7.18e-7,educ,TRUE,reported,K5Q3Oh,2,TRUE,NA
rs161503,C,T,C,T,0.00948,0.004314,0.8673,0.867893,FALSE,FALSE,FALSE,7rgHSI,0.006077,0.4779,ab42,TRUE,reported,0.00208,4.93e-6,educ,TRUE,reported,K5Q3Oh,2,TRUE,NA
rs1622987,A,G,A,G,-0.00742,-0.003153,0.3282,0.319187,FALSE,FALSE,FALSE,7rgHSI,0.004276,0.4609,ab42,TRUE,reported,0.0015,7.61e-7,educ,TRUE,reported,K5Q3Oh,2,TRUE,NA
rs162445,A,G,A,G,0.01516,-0.003123,0.1054,0.0930397,FALSE,FALSE,FALSE,7rgHSI,0.007036,0.6571,ab42,TRUE,reported,0.0026,5.72e-9,educ,TRUE,reported,K5Q3Oh,2,TRUE,NA
rs163229,G,C,G,C,0.02596,-0.01446,0.04422,0.0208654,FALSE,TRUE,FALSE,7rgHSI,0.01376,0.2934,ab42,TRUE,reported,0.00473,4.13e-8,educ,TRUE,reported,K5Q3Oh,2,TRUE,NA
rs1637770,C,T,C,T,-0.01906,0.001557,0.93197,0.92413,FALSE,FALSE,FALSE,7rgHSI,0.008303,0.8513,ab42,TRUE,reported,0.00278,7.32e-12,educ,TRUE,reported,K5Q3Oh,2,TRUE,NA
rs164938,G,T,G,T,0.00876,0.001524,0.5952,0.593979,FALSE,FALSE,FALSE,7rgHSI,0.004152,0.7137,ab42,TRUE,reported,0.00144,1.05e-9,educ,TRUE,reported,K5Q3Oh,2,TRUE,NA
rs16531,T,C,T,C,0.00812,-0.005242,0.6207,0.680828,FALSE,FALSE,FALSE,7rgHSI,0.004418,0.2355,ab42,TRUE,reported,0.00149,5.62e-8,educ,TRUE,reported,K5Q3Oh,2,TRUE,NA
rs1656614,G,C,G,C,-0.01221,-0.003739,0.7024,0.707022,FALSE,TRUE,FALSE,7rgHSI,0.004495,0.4056,ab42,TRUE,reported,0.00151,6.91e-16,educ,TRUE,reported,K5Q3Oh,2,TRUE,NA
rs1658515,A,C,A,C,-0.0071,0.003453,0.6003,0.63069,FALSE,FALSE,FALSE,7rgHSI,0.004213,0.4125,ab42,TRUE,reported,0.00145,9.98e-7,educ,TRUE,reported,K5Q3Oh,2,TRUE,NA
rs1671269,T,C,T,C,-0.01,-0.003455,0.733,0.726178,FALSE,FALSE,FALSE,7rgHSI,0.004579,0.4506,ab42,TRUE,reported,0.00162,7.4e-10,educ,TRUE,reported,K5Q3Oh,2,TRUE,NA
rs1671476,A,G,A,G,-0.01409,-0.01035,0.93537,0.925916,FALSE,FALSE,FALSE,7rgHSI,0.007646,0.1761,ab42,TRUE,reported,0.0027,1.75e-7,educ,TRUE,reported,K5Q3Oh,2,TRUE,NA
rs1671770,C,A,C,A,-0.01248,-0.01139,0.8061,0.817385,FALSE,FALSE,FALSE,7rgHSI,0.005129,0.02651,ab42,TRUE,reported,0.00183,9.23e-12,educ,TRUE,reported,K5Q3Oh,2,TRUE,NA
rs1677058,T,C,T,C,-0.00687,0.007577,0.6429,0.631136,FALSE,FALSE,FALSE,7rgHSI,0.004212,0.0721,ab42,TRUE,reported,0.00146,2.66e-6,educ,TRUE,reported,K5Q3Oh,2,TRUE,NA
rs16823012,T,A,T,A,0.01048,0.02146,0.1224,0.10716,FALSE,TRUE,FALSE,7rgHSI,0.00697,0.002098,ab42,TRUE,reported,0.00218,1.59e-6,educ,TRUE,reported,K5Q3Oh,2,TRUE,NA
rs16826431,G,T,G,T,0.00763,0.003591,0.3673,0.358685,FALSE,FALSE,FALSE,7rgHSI,0.004311,0.405,ab42,TRUE,reported,0.00149,3.22e-7,educ,TRUE,reported,K5Q3Oh,2,TRUE,NA
rs16845572,G,A,G,A,-0.0229,0.003421,0.02211,0.0259932,FALSE,FALSE,FALSE,7rgHSI,0.01293,0.7914,ab42,TRUE,reported,0.00463,7.61e-7,educ,TRUE,reported,K5Q3Oh,2,TRUE,NA
rs16845783,T,A,T,A,-0.01078,-6.882e-5,0.8469,0.862658,FALSE,TRUE,FALSE,7rgHSI,0.005868,0.9906,ab42,TRUE,reported,0.00205,1.4e-7,educ,TRUE,reported,K5Q3Oh,2,TRUE,NA
rs16851779,T,C,T,C,-0.01526,0.003774,0.92517,0.9283492,FALSE,FALSE,FALSE,7rgHSI,0.00735,0.6076,ab42,TRUE,reported,0.00266,9.24e-9,educ,TRUE,reported,K5Q3Oh,2,TRUE,NA
rs16854920,T,C,T,C,-0.00795,-0.004783,0.6446,0.671358,FALSE,FALSE,FALSE,7rgHSI,0.004323,0.2686,ab42,TRUE,reported,0.00149,9.73e-8,educ,TRUE,reported,K5Q3Oh,2,TRUE,NA
rs1685696,G,A,G,A,-0.00779,0.007111,0.2432,0.220095,FALSE,FALSE,FALSE,7rgHSI,0.004894,0.1463,ab42,TRUE,reported,0.00168,3.36e-6,educ,TRUE,reported,K5Q3Oh,2,TRUE,NA
rs16868036,T,C,T,C,-0.00797,-7.466e-4,0.2636,0.282892,FALSE,FALSE,FALSE,7rgHSI,0.004557,0.8699,ab42,TRUE,reported,0.00155,2.63e-7,educ,TRUE,reported,K5Q3Oh,2,TRUE,NA
rs16868993,G,C,G,C,0.00917,-9.058e-5,0.8861,0.845072,FALSE,TRUE,FALSE,7rgHSI,0.005614,0.9871,ab42,TRUE,reported,0.00196,2.91e-6,educ,TRUE,reported,K5Q3Oh,2,TRUE,NA
rs16871807,T,C,T,C,0.009,-0.005232,0.3333,0.316692,FALSE,FALSE,FALSE,7rgHSI,0.004295,0.2233,ab42,TRUE,reported,0.00149,1.59e-9,educ,TRUE,reported,K5Q3Oh,2,TRUE,NA
rs16888133,T,A,T,A,0.00869,0.004881,0.7721,0.7812129999999999,FALSE,TRUE,FALSE,7rgHSI,0.004935,0.3227,ab42,TRUE,reported,0.00168,2.47e-7,educ,TRUE,reported,K5Q3Oh,2,TRUE,NA
rs1688964,G,A,G,A,0.009,-0.009483,0.7806,0.797921,FALSE,FALSE,FALSE,7rgHSI,0.005029,0.05942,ab42,TRUE,reported,0.00173,1.97e-7,educ,TRUE,reported,K5Q3Oh,2,TRUE,NA
rs1689510,G,C,G,C,-0.01935,0.002668,0.6565,0.6855100000000001,FALSE,TRUE,FALSE,7rgHSI,0.004313,0.5362,ab42,TRUE,reported,0.00149,1.35e-38,educ,TRUE,reported,K5Q3Oh,2,TRUE,NA
rs16898037,G,A,G,A,-0.00819,-0.006329,0.7551,0.746612,FALSE,FALSE,FALSE,7rgHSI,0.004613,0.1702,ab42,TRUE,reported,0.0016,2.91e-7,educ,TRUE,reported,K5Q3Oh,2,TRUE,NA
rs16901689,G,T,G,T,-0.01108,-8.826e-4,0.8418,0.828257,FALSE,FALSE,FALSE,7rgHSI,0.005501,0.8725,ab42,TRUE,reported,0.0019,5.17e-9,educ,TRUE,reported,K5Q3Oh,2,TRUE,NA
rs16917562,T,A,T,A,0.01088,0.00238,0.131,0.130289,FALSE,TRUE,FALSE,7rgHSI,0.006116,0.6972,ab42,TRUE,reported,0.00221,8.31e-7,educ,TRUE,reported,K5Q3Oh,2,TRUE,NA
rs1693584,C,T,C,T,0.0087,-0.00128,0.3537,0.310132,FALSE,FALSE,FALSE,7rgHSI,0.004419,0.7722,ab42,TRUE,reported,0.00151,8.79e-9,educ,TRUE,reported,K5Q3Oh,2,TRUE,NA
rs16958559,G,T,G,T,-0.00962,-0.003067,0.2007,0.186218,FALSE,FALSE,FALSE,7rgHSI,0.005324,0.5646,ab42,TRUE,reported,0.00172,2.07e-8,educ,TRUE,reported,K5Q3Oh,2,TRUE,NA
rs16962342,A,T,A,T,0.0077,0.01084,0.2381,0.27199,FALSE,TRUE,FALSE,7rgHSI,0.004625,0.01918,ab42,TRUE,reported,0.00159,1.29e-6,educ,TRUE,reported,K5Q3Oh,2,TRUE,NA
rs16962845,T,C,T,C,-0.01124,0.003275,0.90986,0.88146,FALSE,FALSE,FALSE,7rgHSI,0.006197,0.5972,ab42,TRUE,reported,0.0023,1.05e-6,educ,TRUE,reported,K5Q3Oh,2,TRUE,NA
rs16966161,A,G,A,G,-0.00728,-8.955e-4,0.4082,0.411041,FALSE,FALSE,FALSE,7rgHSI,0.004186,0.8306,ab42,TRUE,reported,0.00142,3.08e-7,educ,TRUE,reported,K5Q3Oh,2,TRUE,NA
rs16966271,T,C,T,C,0.00917,4.883e-4,0.301,0.282353,FALSE,FALSE,FALSE,7rgHSI,0.004402,0.9117,ab42,TRUE,reported,0.00156,4.21e-9,educ,TRUE,reported,K5Q3Oh,2,TRUE,NA
rs16971135,C,T,C,T,0.01214,-0.01143,0.08333,0.0871728,FALSE,FALSE,FALSE,7rgHSI,0.00748,0.1265,ab42,TRUE,reported,0.00248,1.01e-6,educ,TRUE,reported,K5Q3Oh,2,TRUE,NA
rs16975275,A,G,A,G,-0.01024,-0.006547,0.2262,0.766246,FALSE,FALSE,FALSE,7rgHSI,0.004858,0.1779,ab42,TRUE,reported,0.00167,8.14e-10,educ,TRUE,reported,K5Q3Oh,2,TRUE,NA
rs16983844,A,G,A,G,0.00906,-0.007157,0.1939,0.188266,FALSE,FALSE,FALSE,7rgHSI,0.005052,0.1567,ab42,TRUE,reported,0.00172,1.29e-7,educ,TRUE,reported,K5Q3Oh,2,TRUE,NA
rs1703127,A,G,A,G,0.00839,0.001586,0.8146,0.8157220000000001,FALSE,FALSE,FALSE,7rgHSI,0.005194,0.7601,ab42,TRUE,reported,0.00179,2.86e-6,educ,TRUE,reported,K5Q3Oh,2,TRUE,NA
rs17048855,A,G,A,G,0.01078,0.003358,0.3248,0.328488,FALSE,FALSE,FALSE,7rgHSI,0.004383,0.4437,ab42,TRUE,reported,0.00148,3.1e-13,educ,TRUE,reported,K5Q3Oh,2,TRUE,NA
rs17049085,T,C,T,C,0.01091,-0.007756,0.8895,0.880182,FALSE,FALSE,FALSE,7rgHSI,0.006427,0.2277,ab42,TRUE,reported,0.00216,4.48e-7,educ,TRUE,reported,K5Q3Oh,2,TRUE,NA
rs17049820,C,T,C,T,0.01072,2.337e-5,0.1054,0.119048,FALSE,FALSE,FALSE,7rgHSI,0.006742,0.9972,ab42,TRUE,reported,0.00219,1e-6,educ,TRUE,reported,K5Q3Oh,2,TRUE,NA
rs17058914,C,G,C,G,0.01181,-0.002864,0.881,0.888897,FALSE,TRUE,FALSE,7rgHSI,0.006634,0.6659,ab42,TRUE,reported,0.00225,1.52e-7,educ,TRUE,reported,K5Q3Oh,2,TRUE,NA
rs17064399,A,T,A,T,0.00881,0.008815,0.1565,0.178103,FALSE,TRUE,FALSE,7rgHSI,0.005221,0.09144,ab42,TRUE,reported,0.00184,1.59e-6,educ,TRUE,reported,K5Q3Oh,2,TRUE,NA
rs17069646,T,C,T,C,0.0085,2.406e-5,0.7126,0.687927,FALSE,FALSE,FALSE,7rgHSI,0.004437,0.9957,ab42,TRUE,reported,0.00151,2.01e-8,educ,TRUE,reported,K5Q3Oh,2,TRUE,NA
rs17096758,C,G,C,G,-0.00978,0.001334,0.165,0.158469,FALSE,TRUE,FALSE,7rgHSI,0.005815,0.8186,ab42,TRUE,reported,0.00184,9.83e-8,educ,TRUE,reported,K5Q3Oh,2,TRUE,NA
rs17110109,C,T,C,T,0.00926,-8.31e-4,0.3776,0.397259,FALSE,FALSE,FALSE,7rgHSI,0.004133,0.8407,ab42,TRUE,reported,0.00145,1.47e-10,educ,TRUE,reported,K5Q3Oh,2,TRUE,NA
rs17113730,G,A,G,A,0.01699,0.002298,0.94048,0.9298121,FALSE,FALSE,FALSE,7rgHSI,0.007815,0.7687,ab42,TRUE,reported,0.00272,4.1e-10,educ,TRUE,reported,K5Q3Oh,2,TRUE,NA
rs17120665,A,G,A,G,-0.0096,-0.006485,0.1173,0.131999,FALSE,FALSE,FALSE,7rgHSI,0.006084,0.2865,ab42,TRUE,reported,0.00207,3.62e-6,educ,TRUE,reported,K5Q3Oh,2,TRUE,NA
rs17131123,G,A,G,A,0.02435,0.01374,0.04762,0.0302125,FALSE,FALSE,FALSE,7rgHSI,0.01456,0.3454,ab42,TRUE,reported,0.00394,6.29e-10,educ,TRUE,reported,K5Q3Oh,2,TRUE,NA
rs17138584,C,T,C,T,-0.01159,-0.002552,0.8861,0.873114,FALSE,FALSE,FALSE,7rgHSI,0.006244,0.6828,ab42,TRUE,reported,0.00221,1.53e-7,educ,TRUE,reported,K5Q3Oh,2,TRUE,NA
rs17144467,C,A,C,A,-0.00981,-0.008991,0.3112,0.309578,FALSE,FALSE,FALSE,7rgHSI,0.004532,0.04734,ab42,TRUE,reported,0.00151,8.74e-11,educ,TRUE,reported,K5Q3Oh,2,TRUE,NA
rs17148998,G,A,G,A,-0.01007,0.002236,0.801,0.8119959999999999,FALSE,FALSE,FALSE,7rgHSI,0.005095,0.6608,ab42,TRUE,reported,0.00174,6.98e-9,educ,TRUE,reported,K5Q3Oh,2,TRUE,NA
rs171697,C,G,C,G,0.01331,-0.003909,0.6565,0.687604,FALSE,TRUE,FALSE,7rgHSI,0.004423,0.3769,ab42,TRUE,reported,0.00149,4.85e-19,educ,TRUE,reported,K5Q3Oh,2,TRUE,NA
rs17170519,G,C,G,C,-0.01316,-0.001961,0.08163,0.113736,FALSE,TRUE,FALSE,7rgHSI,0.006931,0.7773,ab42,TRUE,reported,0.00234,1.99e-8,educ,TRUE,reported,K5Q3Oh,2,TRUE,NA
rs1717204,C,A,C,A,0.01173,0.001387,0.8367,0.816292,FALSE,FALSE,FALSE,7rgHSI,0.005353,0.7956,ab42,TRUE,reported,0.00182,1.2e-10,educ,TRUE,reported,K5Q3Oh,2,TRUE,NA
rs1718188,T,A,T,A,-0.00964,0.003813,0.5782,0.5577920000000001,FALSE,TRUE,TRUE,7rgHSI,0.004096,0.352,ab42,TRUE,reported,0.00141,9.05e-12,educ,TRUE,reported,K5Q3Oh,2,FALSE,NA
rs17184549,G,A,G,A,0.00917,0.001285,0.7636,0.789175,FALSE,FALSE,FALSE,7rgHSI,0.005068,0.79990000000000006,ab42,TRUE,reported,0.00171,8.4e-8,educ,TRUE,reported,K5Q3Oh,2,TRUE,NA
rs17186106,T,G,T,G,0.01081,-7.927e-4,0.1412,0.165029,FALSE,FALSE,FALSE,7rgHSI,0.005314,0.8814,ab42,TRUE,reported,0.00184,3.95e-9,educ,TRUE,reported,K5Q3Oh,2,TRUE,NA
rs17190418,C,T,C,T,0.0213,0.008658,0.95748,0.95579,FALSE,FALSE,FALSE,7rgHSI,0.01031,0.4013,ab42,TRUE,reported,0.00312,8.42e-12,educ,TRUE,reported,K5Q3Oh,2,TRUE,NA
rs1719571,G,A,G,A,0.0094,-8.458e-4,0.1701,0.160348,FALSE,FALSE,FALSE,7rgHSI,0.0055,0.8778,ab42,TRUE,reported,0.00196,1.72e-6,educ,TRUE,reported,K5Q3Oh,2,TRUE,NA
rs172172,A,G,A,G,0.01104,0.007564,0.1259,0.12197400000000003,FALSE,FALSE,FALSE,7rgHSI,0.005981,0.2061,ab42,TRUE,reported,0.00207,9.58e-8,educ,TRUE,reported,K5Q3Oh,2,TRUE,NA
rs17243165,A,G,A,G,0.01038,0.001363,0.8656,0.875824,FALSE,FALSE,FALSE,7rgHSI,0.006278,0.8282,ab42,TRUE,reported,0.0021,8.03e-7,educ,TRUE,reported,K5Q3Oh,2,TRUE,NA
rs17248751,A,G,A,G,-0.01361,0.008513,0.7602,0.7986759999999999,FALSE,FALSE,FALSE,7rgHSI,0.005124,0.09669,ab42,TRUE,reported,0.0017,1.28e-15,educ,TRUE,reported,K5Q3Oh,2,TRUE,NA
rs17276203,G,C,G,C,-0.00807,-0.003195,0.7942,0.802618,FALSE,TRUE,FALSE,7rgHSI,0.00524,0.5422,ab42,TRUE,reported,0.00176,4.44e-6,educ,TRUE,reported,K5Q3Oh,2,TRUE,NA
rs1728118,A,C,A,C,0.00895,-0.002317,0.75,0.718941,FALSE,FALSE,FALSE,7rgHSI,0.00451,0.6076,ab42,TRUE,reported,0.00157,1.32e-8,educ,TRUE,reported,K5Q3Oh,2,TRUE,NA
rs1729412,T,C,T,C,-0.01073,-0.004205,0.4167,0.43396999999999997,FALSE,FALSE,FALSE,7rgHSI,0.004134,0.3091,ab42,TRUE,reported,0.00142,4.05e-14,educ,TRUE,reported,K5Q3Oh,2,TRUE,NA
rs173003,C,A,C,A,0.00819,-0.006435,0.4949,0.53109,FALSE,FALSE,FALSE,7rgHSI,0.00406,0.113,ab42,TRUE,reported,0.0014,5.5e-9,educ,TRUE,reported,K5Q3Oh,2,TRUE,NA
rs17315154,G,A,G,A,-0.01133,-0.003704,0.1156,0.122236,FALSE,FALSE,FALSE,7rgHSI,0.006603,0.5749,ab42,TRUE,reported,0.00212,9.68e-8,educ,TRUE,reported,K5Q3Oh,2,TRUE,NA
rs1734370,A,G,A,G,0.00986,0.004279,0.767,0.719387,FALSE,FALSE,FALSE,7rgHSI,0.004535,0.3454,ab42,TRUE,reported,0.00156,2.42e-10,educ,TRUE,reported,K5Q3Oh,2,TRUE,NA
rs173768,A,G,A,G,0.00854,-0.004693,0.2466,0.247937,FALSE,FALSE,FALSE,7rgHSI,0.004622,0.3101,ab42,TRUE,reported,0.00162,1.34e-7,educ,TRUE,reported,K5Q3Oh,2,TRUE,NA
rs1738050,G,C,G,C,0.00926,0.001962,0.4048,0.369541,FALSE,TRUE,FALSE,7rgHSI,0.004218,0.6419,ab42,TRUE,reported,0.00144,1.42e-10,educ,TRUE,reported,K5Q3Oh,2,TRUE,NA
rs17400325,C,T,C,T,0.01927,0.01599,0.07143,0.0450262,FALSE,FALSE,FALSE,7rgHSI,0.009938,0.1077,ab42,TRUE,reported,0.00359,8.27e-8,educ,TRUE,reported,K5Q3Oh,2,TRUE,NA
rs1740190,A,C,A,C,0.00713,0.004976,0.7024,0.714306,FALSE,FALSE,FALSE,7rgHSI,0.004519,0.2709,ab42,TRUE,reported,0.00154,3.5e-6,educ,TRUE,reported,K5Q3Oh,2,TRUE,NA
rs17411339,A,G,A,G,0.01396,0.00262,0.5799,0.59324,FALSE,FALSE,FALSE,7rgHSI,0.004179,0.5307,ab42,TRUE,reported,0.00141,5.1e-23,educ,TRUE,reported,K5Q3Oh,2,TRUE,NA
rs17427451,C,A,C,A,0.00828,-0.00133,0.2347,0.213074,FALSE,FALSE,FALSE,7rgHSI,0.004992,0.7899,ab42,TRUE,reported,0.0017,1.11e-6,educ,TRUE,reported,K5Q3Oh,2,TRUE,NA
rs17428076,C,G,C,G,0.01372,-0.006403,0.7585,0.767816,FALSE,TRUE,FALSE,7rgHSI,0.00477,0.1795,ab42,TRUE,reported,0.00164,6.41e-17,educ,TRUE,reported,K5Q3Oh,2,TRUE,NA
rs17440885,A,G,A,G,0.01603,-0.01211,0.93027,0.9456113,FALSE,FALSE,FALSE,7rgHSI,0.008509,0.1546,ab42,TRUE,reported,0.00287,2.42e-8,educ,TRUE,reported,K5Q3Oh,2,TRUE,NA
rs1747714,T,C,T,C,0.01063,0.002377,0.466,0.49768999999999997,FALSE,FALSE,FALSE,7rgHSI,0.004043,0.5566,ab42,TRUE,reported,0.00141,3.82e-14,educ,TRUE,reported,K5Q3Oh,2,TRUE,NA
rs1747817,C,T,C,T,0.0092,0.007443,0.2466,0.23175199999999996,FALSE,FALSE,FALSE,7rgHSI,0.00497,0.1344,ab42,TRUE,reported,0.00165,2.29e-8,educ,TRUE,reported,K5Q3Oh,2,TRUE,NA
rs17489649,A,G,A,G,0.01271,0.001349,0.6735,0.66044,FALSE,FALSE,FALSE,7rgHSI,0.004358,0.757,ab42,TRUE,reported,0.0015,2.77e-17,educ,TRUE,reported,K5Q3Oh,2,TRUE,NA
rs17490270,T,C,T,C,0.00989,0.001499,0.1395,0.129073,FALSE,FALSE,FALSE,7rgHSI,0.006272,0.8111,ab42,TRUE,reported,0.0021,2.38e-6,educ,TRUE,reported,K5Q3Oh,2,TRUE,NA
rs17498867,G,A,G,A,0.00964,0.009292,0.8044,0.823114,FALSE,FALSE,FALSE,7rgHSI,0.005365,0.08337,ab42,TRUE,reported,0.00182,1.15e-7,educ,TRUE,reported,K5Q3Oh,2,TRUE,NA
rs17499351,T,C,T,C,-0.0156,0.007047,0.93197,0.947567,FALSE,FALSE,FALSE,7rgHSI,0.009347,0.4509,ab42,TRUE,reported,0.00315,7.18e-7,educ,TRUE,reported,K5Q3Oh,2,TRUE,NA
rs17502934,T,G,T,G,-0.01672,-6.996e-4,0.1293,0.145827,FALSE,FALSE,FALSE,7rgHSI,0.005803,0.904,ab42,TRUE,reported,0.00197,2.12e-17,educ,TRUE,reported,K5Q3Oh,2,TRUE,NA
rs17507342,C,T,C,T,0.0073,0.003011,0.6667,0.665953,FALSE,FALSE,FALSE,7rgHSI,0.004311,0.485,ab42,TRUE,reported,0.00148,8.51e-7,educ,TRUE,reported,K5Q3Oh,2,TRUE,NA
rs175210,C,T,C,T,-0.00664,0.0051,0.5238,0.5419309999999999,FALSE,FALSE,FALSE,7rgHSI,0.004038,0.2067,ab42,TRUE,reported,0.00141,2.48e-6,educ,TRUE,reported,K5Q3Oh,2,TRUE,NA
rs17522554,G,A,G,A,0.00933,0.003034,0.8282,0.850139,FALSE,FALSE,FALSE,7rgHSI,0.005704,0.5949,ab42,TRUE,reported,0.00196,2.02e-6,educ,TRUE,reported,K5Q3Oh,2,TRUE,NA
rs175325,A,T,A,T,-0.01004,0.002311,0.5816,0.605929,FALSE,TRUE,FALSE,7rgHSI,0.004397,0.5992,ab42,TRUE,reported,0.00143,2.24e-12,educ,TRUE,reported,K5Q3Oh,2,TRUE,NA
rs17536059,C,G,C,G,-0.01078,0.006576,0.1888,0.168525,FALSE,TRUE,FALSE,7rgHSI,0.005323,0.2168,ab42,TRUE,reported,0.0018600000000000001,6.45e-9,educ,TRUE,reported,K5Q3Oh,2,TRUE,NA
rs17551064,G,A,G,A,-0.01406,-9.652e-4,0.1599,0.156421,FALSE,FALSE,FALSE,7rgHSI,0.005631,0.8639,ab42,TRUE,reported,0.0019,1.53e-13,educ,TRUE,reported,K5Q3Oh,2,TRUE,NA
rs17565975,A,G,A,G,-0.01061,3.612e-4,0.5306,0.529504,FALSE,FALSE,FALSE,7rgHSI,0.004073,0.9293,ab42,TRUE,reported,0.00141,5.54e-14,educ,TRUE,reported,K5Q3Oh,2,TRUE,NA
rs17568389,A,T,A,T,0.01267,0.003079,0.4966,0.481383,FALSE,TRUE,TRUE,7rgHSI,0.004077,0.4502,ab42,TRUE,reported,0.0014,1.62e-19,educ,TRUE,reported,K5Q3Oh,2,FALSE,NA
rs17582686,T,C,T,C,-0.01001,-0.00953,0.8724,0.897921,FALSE,FALSE,FALSE,7rgHSI,0.006467,0.1407,ab42,TRUE,reported,0.00217,3.89e-6,educ,TRUE,reported,K5Q3Oh,2,TRUE,NA
rs1758747,A,G,A,G,0.0092,-0.0045,0.6905,0.734432,FALSE,FALSE,FALSE,7rgHSI,0.004552,0.3229,ab42,TRUE,reported,0.00153,1.64e-9,educ,TRUE,reported,K5Q3Oh,2,TRUE,NA
rs17598675,C,T,C,T,0.0116,1.008e-4,0.5187,0.450185,FALSE,FALSE,FALSE,7rgHSI,0.004099,0.9804,ab42,TRUE,reported,0.0014,1.37e-16,educ,TRUE,reported,K5Q3Oh,2,TRUE,NA
rs17604349,G,A,G,A,-0.01266,-0.001696,0.8333,0.811688,FALSE,FALSE,FALSE,7rgHSI,0.0051919999999999996,0.744,ab42,TRUE,reported,0.00181,2.36e-12,educ,TRUE,reported,K5Q3Oh,2,TRUE,NA
rs17609255,C,T,C,T,0.00874,0.003699,0.568,0.59538,FALSE,FALSE,FALSE,7rgHSI,0.004216,0.3804,ab42,TRUE,reported,0.00142,7.9e-10,educ,TRUE,reported,K5Q3Oh,2,TRUE,NA
rs176218,G,T,G,T,-0.02,-0.006517,0.7993,0.7973669999999999,FALSE,FALSE,FALSE,7rgHSI,0.00507,0.1988,ab42,TRUE,reported,0.00177,1.1e-29,educ,TRUE,reported,K5Q3Oh,2,TRUE,NA
rs17622379,T,C,T,C,-0.01125,-0.002737,0.182,0.177379,FALSE,FALSE,FALSE,7rgHSI,0.005322,0.6071,ab42,TRUE,reported,0.0018,4.52e-10,educ,TRUE,reported,K5Q3Oh,2,TRUE,NA
rs17625895,A,C,A,C,-0.00644,0.002059,0.5272,0.542008,FALSE,FALSE,FALSE,7rgHSI,0.00421,0.6248,ab42,TRUE,reported,0.00141,4.58e-6,educ,TRUE,reported,K5Q3Oh,2,TRUE,NA
rs17627501,T,C,T,C,-0.00749,0.001549,0.415,0.583616,FALSE,FALSE,FALSE,7rgHSI,0.004145,0.7087,ab42,TRUE,reported,0.00142,1.25e-7,educ,TRUE,reported,K5Q3Oh,2,TRUE,NA
rs17650634,T,C,T,C,-0.01045,0.009865,0.8316,0.833754,FALSE,FALSE,FALSE,7rgHSI,0.005463,0.07104,ab42,TRUE,reported,0.00187,2.19e-8,educ,TRUE,reported,K5Q3Oh,2,TRUE,NA
rs1766167,A,G,A,G,-0.00737,-0.007741,0.7194,0.7346779999999999,FALSE,FALSE,FALSE,7rgHSI,0.004514,0.08649,ab42,TRUE,reported,0.00159,3.74e-6,educ,TRUE,reported,K5Q3Oh,2,TRUE,NA
rs17667540,G,A,G,A,0.00873,0.006237,0.6973,0.669403,FALSE,FALSE,FALSE,7rgHSI,0.004473,0.1633,ab42,TRUE,reported,0.00152,9.94e-9,educ,TRUE,reported,K5Q3Oh,2,TRUE,NA
rs17668674,G,A,G,A,0.0113,0.005381,0.08673,0.113613,FALSE,FALSE,FALSE,7rgHSI,0.006942,0.4384,ab42,TRUE,reported,0.00225,5.3e-7,educ,TRUE,reported,K5Q3Oh,2,TRUE,NA
rs17669337,C,T,C,T,0.01101,-0.001566,0.5765,0.5948260000000001,FALSE,FALSE,FALSE,7rgHSI,0.004239,0.7119,ab42,TRUE,reported,0.00142,1.1e-14,educ,TRUE,reported,K5Q3Oh,2,TRUE,NA
rs17680712,C,T,C,T,0.00918,0.001323,0.5561,0.546597,FALSE,FALSE,FALSE,7rgHSI,0.004065,0.7448,ab42,TRUE,reported,0.00141,8.63e-11,educ,TRUE,reported,K5Q3Oh,2,TRUE,NA
rs17686649,C,T,C,T,0.00984,-0.004197,0.801,0.787912,FALSE,FALSE,FALSE,7rgHSI,0.005129,0.4132,ab42,TRUE,reported,0.00169,6.37e-9,educ,TRUE,reported,K5Q3Oh,2,TRUE,NA
rs17700123,T,C,T,C,0.00715,-0.004645,0.2959,0.331814,FALSE,FALSE,FALSE,7rgHSI,0.004374,0.2883,ab42,TRUE,reported,0.00147,1.19e-6,educ,TRUE,reported,K5Q3Oh,2,TRUE,NA
rs17732878,C,T,C,T,0.00947,0.002273,0.1905,0.208854,FALSE,FALSE,FALSE,7rgHSI,0.004948,0.6459,ab42,TRUE,reported,0.00173,4.06e-8,educ,TRUE,reported,K5Q3Oh,2,TRUE,NA
rs17742342,C,A,C,A,0.01186,-0.01169,0.2211,0.193317,FALSE,FALSE,FALSE,7rgHSI,0.00504,0.02038,ab42,TRUE,reported,0.00176,1.59e-11,educ,TRUE,reported,K5Q3Oh,2,TRUE,NA
rs17747544,G,A,G,A,0.00897,0.001331,0.4915,0.555836,FALSE,FALSE,FALSE,7rgHSI,0.00407,0.7436,ab42,TRUE,reported,0.0014,1.74e-10,educ,TRUE,reported,K5Q3Oh,2,TRUE,NA
rs17753885,A,C,A,C,0.00825,-0.005953,0.7738,0.7907299999999999,FALSE,FALSE,FALSE,7rgHSI,0.004968,0.2309,ab42,TRUE,reported,0.00173,1.89e-6,educ,TRUE,reported,K5Q3Oh,2,TRUE,NA
rs17784127,T,C,T,C,0.00702,-0.002605,0.5884,0.6017399999999999,FALSE,FALSE,FALSE,7rgHSI,0.00414,0.5291,ab42,TRUE,reported,0.00143,8.98e-7,educ,TRUE,reported,K5Q3Oh,2,TRUE,NA
rs17793708,A,G,A,G,-0.0121,-0.009014,0.06633,0.0660302,FALSE,FALSE,FALSE,7rgHSI,0.007692,0.2414,ab42,TRUE,reported,0.00264,4.56e-6,educ,TRUE,reported,K5Q3Oh,2,TRUE,NA
rs1779549,C,A,C,A,-0.00811,-0.006362,0.5068,0.544888,FALSE,FALSE,FALSE,7rgHSI,0.004163,0.1266,ab42,TRUE,reported,0.00141,8.45e-9,educ,TRUE,reported,K5Q3Oh,2,TRUE,NA
rs17796509,T,C,T,C,0.0071,-3.371e-4,0.4218,0.407453,FALSE,FALSE,FALSE,7rgHSI,0.004148,0.9352,ab42,TRUE,reported,0.00143,7.32e-7,educ,TRUE,reported,K5Q3Oh,2,TRUE,NA
rs17801257,A,G,A,G,0.01139,-0.01109,0.1344,0.123514,FALSE,FALSE,FALSE,7rgHSI,0.006152,0.07142,ab42,TRUE,reported,0.00211,7.1e-8,educ,TRUE,reported,K5Q3Oh,2,TRUE,NA
rs17811799,G,A,G,A,-0.00766,-8.532e-4,0.7381,0.765183,FALSE,FALSE,FALSE,7rgHSI,0.004717,0.8565,ab42,TRUE,reported,0.00167,4.42e-6,educ,TRUE,reported,K5Q3Oh,2,TRUE,NA
rs17812637,G,A,G,A,-0.01256,-0.01243,0.92687,0.9271327,FALSE,FALSE,FALSE,7rgHSI,0.008244,0.1319,ab42,TRUE,reported,0.00256,9.61e-7,educ,TRUE,reported,K5Q3Oh,2,TRUE,NA
rs178183,C,T,C,T,-0.01453,0.01087,0.7364,0.741685,FALSE,FALSE,FALSE,7rgHSI,0.004678,0.02016,ab42,TRUE,reported,0.00163,4.81e-19,educ,TRUE,reported,K5Q3Oh,2,TRUE,NA
rs17820119,G,A,G,A,0.02246,0.01591,0.96599,0.9688482,FALSE,FALSE,FALSE,7rgHSI,0.01104,0.1496,ab42,TRUE,reported,0.00385,5.26e-9,educ,TRUE,reported,K5Q3Oh,2,TRUE,NA
rs17882802,A,G,A,G,0.00841,0.001995,0.4252,0.402895,FALSE,FALSE,FALSE,7rgHSI,0.004215,0.636,ab42,TRUE,reported,0.00142,3e-9,educ,TRUE,reported,K5Q3Oh,2,TRUE,NA
rs17883331,G,A,G,A,0.01083,0.005898,0.7585,0.813474,FALSE,FALSE,FALSE,7rgHSI,0.005298,0.2657,ab42,TRUE,reported,0.00178,1.29e-9,educ,TRUE,reported,K5Q3Oh,2,TRUE,NA
rs1789118,A,T,A,T,-0.00883,-0.007897,0.7976,0.751571,FALSE,TRUE,FALSE,7rgHSI,0.004754,0.09676,ab42,TRUE,reported,0.00169,1.67e-7,educ,TRUE,reported,K5Q3Oh,2,TRUE,NA
rs1792602,G,A,G,A,0.00969,-3.08e-4,0.6105,0.637804,FALSE,FALSE,FALSE,7rgHSI,0.00417,0.9411,ab42,TRUE,reported,0.00144,1.9e-11,educ,TRUE,reported,K5Q3Oh,2,TRUE,NA
rs180002,A,G,A,G,-0.00665,-0.00476,0.3963,0.363582,FALSE,FALSE,FALSE,7rgHSI,0.004228,0.2604,ab42,TRUE,reported,0.00143,3.57e-6,educ,TRUE,reported,K5Q3Oh,2,TRUE,NA
rs1807052,A,T,A,T,-0.00745,0.001469,0.4031,0.39832199999999995,FALSE,TRUE,FALSE,7rgHSI,0.00416,0.724,ab42,TRUE,reported,0.00145,2.76e-7,educ,TRUE,reported,K5Q3Oh,2,TRUE,NA
rs1808585,T,C,T,C,0.0067,7.553e-4,0.5697,0.37931899999999996,FALSE,FALSE,FALSE,7rgHSI,0.00418,0.8566,ab42,TRUE,reported,0.00142,2.47e-6,educ,TRUE,reported,K5Q3Oh,2,TRUE,NA
rs1815532,C,G,C,G,-0.00794,-0.001412,0.6905,0.6493990000000001,FALSE,TRUE,FALSE,7rgHSI,0.004414,0.7492,ab42,TRUE,reported,0.00148,8.01e-8,educ,TRUE,reported,K5Q3Oh,2,TRUE,NA
rs1815612,T,C,T,C,0.00931,0.00559,0.1633,0.140514,FALSE,FALSE,FALSE,7rgHSI,0.005935,0.3463,ab42,TRUE,reported,0.00195,1.82e-6,educ,TRUE,reported,K5Q3Oh,2,TRUE,NA
rs181605407,C,T,C,T,0.01909,0.01392,0.03061,0.0285802,FALSE,FALSE,FALSE,7rgHSI,0.01093,0.2028,ab42,TRUE,reported,0.00389,9.42e-7,educ,TRUE,reported,K5Q3Oh,2,TRUE,NA
rs1817452,C,T,C,T,0.00898,-0.005197,0.1973,0.16555299999999995,FALSE,FALSE,FALSE,7rgHSI,0.005597,0.3532,ab42,TRUE,reported,0.00187,1.59e-6,educ,TRUE,reported,K5Q3Oh,2,TRUE,NA
rs1818453,C,A,C,A,-0.01734,-0.01493,0.05612,0.055804999999999993,FALSE,FALSE,FALSE,7rgHSI,0.009369,0.1113,ab42,TRUE,reported,0.00352,8.43e-7,educ,TRUE,reported,K5Q3Oh,2,TRUE,NA
rs182902112,C,A,C,A,0.03004,-0.002056,0.98299,0.9753773,FALSE,FALSE,FALSE,7rgHSI,0.01418,0.8848,ab42,TRUE,reported,0.00527,1.17e-8,educ,TRUE,reported,K5Q3Oh,2,TRUE,NA
rs1833289,G,A,G,A,-0.00858,-0.0069,0.8129,0.794195,FALSE,FALSE,FALSE,7rgHSI,0.00494,0.1626,ab42,TRUE,reported,0.00169,3.84e-7,educ,TRUE,reported,K5Q3Oh,2,TRUE,NA
rs1835339,C,T,C,T,-0.0084,0.006283,0.4082,0.394225,FALSE,FALSE,FALSE,7rgHSI,0.004248,0.1392,ab42,TRUE,reported,0.00144,5.59e-9,educ,TRUE,reported,K5Q3Oh,2,TRUE,NA
rs183869217,G,C,G,C,-0.01743,0.003467,0.07653,0.0809055,FALSE,TRUE,FALSE,7rgHSI,0.01026,0.7355,ab42,TRUE,reported,0.00298,4.72e-9,educ,TRUE,reported,K5Q3Oh,2,TRUE,NA
rs1841023,A,C,A,C,-0.00916,-2.343e-4,0.6786,0.683739,FALSE,FALSE,FALSE,7rgHSI,0.004339,0.9569,ab42,TRUE,reported,0.00152,1.64e-9,educ,TRUE,reported,K5Q3Oh,2,TRUE,NA
rs1842713,A,G,A,G,-0.01169,0.001067,0.7823,0.787435,FALSE,FALSE,FALSE,7rgHSI,0.004843,0.8256,ab42,TRUE,reported,0.00172,9.67e-12,educ,TRUE,reported,K5Q3Oh,2,TRUE,NA
rs1843815,T,A,T,A,-0.0077,5.818e-4,0.5255,0.502987,FALSE,TRUE,TRUE,7rgHSI,0.004074,0.8865,ab42,TRUE,reported,0.00141,4.4e-8,educ,TRUE,reported,K5Q3Oh,2,FALSE,NA
rs1849509,G,A,G,A,0.00748,0.001964,0.2942,0.31219600000000003,FALSE,FALSE,FALSE,7rgHSI,0.004425,0.6572,ab42,TRUE,reported,0.00154,1.15e-6,educ,TRUE,reported,K5Q3Oh,2,TRUE,NA
rs185063430,C,T,C,T,-0.01282,0.003345,0.8503,0.879535,FALSE,FALSE,FALSE,7rgHSI,0.00624,0.5919,ab42,TRUE,reported,0.00218,3.73e-9,educ,TRUE,reported,K5Q3Oh,2,TRUE,NA
rs185989636,T,A,T,A,0.01648,-0.007201,0.04592,0.0368494,FALSE,TRUE,FALSE,7rgHSI,0.009767,0.461,ab42,TRUE,reported,0.00341,1.33e-6,educ,TRUE,reported,K5Q3Oh,2,TRUE,NA
rs1861786,G,A,G,A,0.00806,0.003233,0.6361,0.623052,FALSE,FALSE,FALSE,7rgHSI,0.004114,0.432,ab42,TRUE,reported,0.00144,2.39e-8,educ,TRUE,reported,K5Q3Oh,2,TRUE,NA
rs1865716,A,G,A,G,0.00848,-0.001213,0.7381,0.754435,FALSE,FALSE,FALSE,7rgHSI,0.004675,0.7952,ab42,TRUE,reported,0.00164,2.17e-7,educ,TRUE,reported,K5Q3Oh,2,TRUE,NA
rs1865955,T,C,T,C,0.01224,0.003444,0.8299,0.797536,FALSE,FALSE,FALSE,7rgHSI,0.005249,0.5119,ab42,TRUE,reported,0.00185,4.06e-11,educ,TRUE,reported,K5Q3Oh,2,TRUE,NA
rs1866823,A,G,A,G,0.01072,8.895e-4,0.551,0.54247,FALSE,FALSE,FALSE,7rgHSI,0.004073,0.8271,ab42,TRUE,reported,0.00141,3.09e-14,educ,TRUE,reported,K5Q3Oh,2,TRUE,NA
rs1873614,C,T,C,T,-0.01007,-0.001053,0.8469,0.862165,FALSE,FALSE,FALSE,7rgHSI,0.005965,0.8599,ab42,TRUE,reported,0.00208,1.31e-6,educ,TRUE,reported,K5Q3Oh,2,TRUE,NA
rs187580,G,T,G,T,0.01041,7.109e-4,0.2024,0.211565,FALSE,FALSE,FALSE,7rgHSI,0.004986,0.8866,ab42,TRUE,reported,0.00166,3.56e-10,educ,TRUE,reported,K5Q3Oh,2,TRUE,NA
rs1876158,C,T,C,T,-0.00886,-0.001133,0.2041,0.19575,FALSE,FALSE,FALSE,7rgHSI,0.005276,0.8299,ab42,TRUE,reported,0.0018600000000000001,2.02e-6,educ,TRUE,reported,K5Q3Oh,2,TRUE,NA
rs1880088,A,T,A,T,-0.00972,-9.314e-4,0.2415,0.280628,FALSE,TRUE,FALSE,7rgHSI,0.00456,0.8382,ab42,TRUE,reported,0.0016,1.11e-9,educ,TRUE,reported,K5Q3Oh,2,TRUE,NA
rs1880692,A,G,A,G,0.00857,-0.005719,0.5578,0.541839,FALSE,FALSE,FALSE,7rgHSI,0.004068,0.1599,ab42,TRUE,reported,0.00141,1.09e-9,educ,TRUE,reported,K5Q3Oh,2,TRUE,NA
rs1882798,C,T,C,T,-0.00672,-3.096e-4,0.6293,0.626655,FALSE,FALSE,FALSE,7rgHSI,0.004216,0.9415,ab42,TRUE,reported,0.00145,3.8e-6,educ,TRUE,reported,K5Q3Oh,2,TRUE,NA
rs1890132,T,C,T,C,-0.00893,0.005996,0.648,0.706976,FALSE,FALSE,FALSE,7rgHSI,0.004488,0.1816,ab42,TRUE,reported,0.00154,6.56e-9,educ,TRUE,reported,K5Q3Oh,2,TRUE,NA
rs1893270,G,A,G,A,0.01053,-0.004475,0.1071,0.131906,FALSE,FALSE,FALSE,7rgHSI,0.005845,0.4439,ab42,TRUE,reported,0.00198,1.11e-7,educ,TRUE,reported,K5Q3Oh,2,TRUE,NA
rs1897697,C,T,C,T,-0.00929,9.413e-4,0.1871,0.20140100000000005,FALSE,FALSE,FALSE,7rgHSI,0.005063,0.8525,ab42,TRUE,reported,0.00177,1.62e-7,educ,TRUE,reported,K5Q3Oh,2,TRUE,NA
rs1898111,G,A,G,A,-0.01007,0.01017,0.1752,0.19688899999999998,FALSE,FALSE,FALSE,7rgHSI,0.005205,0.05082,ab42,TRUE,reported,0.00184,4.72e-8,educ,TRUE,reported,K5Q3Oh,2,TRUE,NA
rs1899752,G,A,G,A,-0.00813,-0.002569,0.2449,0.254573,FALSE,FALSE,FALSE,7rgHSI,0.004759,0.5894,ab42,TRUE,reported,0.00161,4.37e-7,educ,TRUE,reported,K5Q3Oh,2,TRUE,NA
rs1901018,A,G,A,G,-0.00729,-0.001307,0.619,0.6101019999999999,FALSE,FALSE,FALSE,7rgHSI,0.004102,0.7501,ab42,TRUE,reported,0.00143,3.22e-7,educ,TRUE,reported,K5Q3Oh,2,TRUE,NA
rs190102446,C,T,C,T,0.02095,0.003835,0.96088,0.9613027,FALSE,FALSE,FALSE,7rgHSI,0.01068,0.7197,ab42,TRUE,reported,0.00374,2.19e-8,educ,TRUE,reported,K5Q3Oh,2,TRUE,NA
rs190314566,A,G,A,G,-0.01781,0.00484,0.03401,0.0336926,FALSE,FALSE,FALSE,7rgHSI,0.0102,0.6352,ab42,TRUE,reported,0.0035,3.53e-7,educ,TRUE,reported,K5Q3Oh,2,TRUE,NA
rs1904828,T,A,T,A,-0.00723,0.004924,0.6054,0.617154,FALSE,TRUE,FALSE,7rgHSI,0.004177,0.2385,ab42,TRUE,reported,0.00146,6.97e-7,educ,TRUE,reported,K5Q3Oh,2,TRUE,NA
rs1905616,A,G,A,G,0.00832,-0.002215,0.3605,0.323067,FALSE,FALSE,FALSE,7rgHSI,0.0044,0.6147,ab42,TRUE,reported,0.0015,2.74e-8,educ,TRUE,reported,K5Q3Oh,2,TRUE,NA
rs190724856,A,G,A,G,-0.02188,0.01504,0.02211,0.020619,FALSE,FALSE,FALSE,7rgHSI,0.01435,0.2948,ab42,TRUE,reported,0.0046,1.98e-6,educ,TRUE,reported,K5Q3Oh,2,TRUE,NA
rs1910005,C,T,C,T,0.00899,-0.005801,0.2704,0.28089,FALSE,FALSE,FALSE,7rgHSI,0.004536,0.2011,ab42,TRUE,reported,0.00154,5.66e-9,educ,TRUE,reported,K5Q3Oh,2,TRUE,NA
rs1918394,C,T,C,T,-0.01187,-7.152e-4,0.8435,0.834632,FALSE,FALSE,FALSE,7rgHSI,0.005253,0.8917,ab42,TRUE,reported,0.00189,3.04e-10,educ,TRUE,reported,K5Q3Oh,2,TRUE,NA
rs1923523,G,T,G,T,0.00729,0.005737,0.5833,0.6333690000000001,FALSE,FALSE,FALSE,7rgHSI,0.004239,0.176,ab42,TRUE,reported,0.00144,4.24e-7,educ,TRUE,reported,K5Q3Oh,2,TRUE,NA
rs1923575,C,T,C,T,-0.01256,-0.006793,0.95068,0.930274,FALSE,FALSE,FALSE,7rgHSI,0.007636,0.3738,ab42,TRUE,reported,0.00272,3.82e-6,educ,TRUE,reported,K5Q3Oh,2,TRUE,NA
rs1933264,C,T,C,T,-0.01002,-0.003836,0.233,0.25194,FALSE,FALSE,FALSE,7rgHSI,0.004626,0.4071,ab42,TRUE,reported,0.00162,5.85e-10,educ,TRUE,reported,K5Q3Oh,2,TRUE,NA
rs1938060,C,T,C,T,0.00785,-0.01449,0.7993,0.7933790000000001,FALSE,FALSE,FALSE,7rgHSI,0.004968,0.003563,ab42,TRUE,reported,0.00172,4.82e-6,educ,TRUE,reported,K5Q3Oh,2,TRUE,NA
rs1940038,T,C,T,C,0.00677,-0.00215,0.4099,0.376347,FALSE,FALSE,FALSE,7rgHSI,0.004338,0.6202,ab42,TRUE,reported,0.00147,3.98e-6,educ,TRUE,reported,K5Q3Oh,2,TRUE,NA
rs194369,G,A,G,A,0.01543,0.001863,0.4881,0.48765,FALSE,FALSE,FALSE,7rgHSI,0.004013,0.6426,ab42,TRUE,reported,0.00141,4.67e-28,educ,TRUE,reported,K5Q3Oh,2,TRUE,NA
rs1944800,G,A,G,A,-0.00717,-2.286e-4,0.6173,0.587804,FALSE,FALSE,FALSE,7rgHSI,0.004136,0.9559,ab42,TRUE,reported,0.00144,6.02e-7,educ,TRUE,reported,K5Q3Oh,2,TRUE,NA
rs1952183,G,A,G,A,0.00886,-4.23e-4,0.4745,0.485464,FALSE,FALSE,FALSE,7rgHSI,0.004179,0.9194,ab42,TRUE,reported,0.0014,2.76e-10,educ,TRUE,reported,K5Q3Oh,2,TRUE,NA
rs1955250,C,A,C,A,0.01396,0.0108,0.1037,0.089575,FALSE,FALSE,FALSE,7rgHSI,0.006746,0.1094,ab42,TRUE,reported,0.0025,2.26e-8,educ,TRUE,reported,K5Q3Oh,2,TRUE,NA
rs1955768,G,A,G,A,-0.00922,-6.602e-4,0.8418,0.828134,FALSE,FALSE,FALSE,7rgHSI,0.005416,0.903,ab42,TRUE,reported,0.00194,1.92e-6,educ,TRUE,reported,K5Q3Oh,2,TRUE,NA
rs1956981,G,C,G,C,-0.01116,0.008427,0.8759,0.859285,FALSE,TRUE,FALSE,7rgHSI,0.006099,0.1671,ab42,TRUE,reported,0.00208,8.62e-8,educ,TRUE,reported,K5Q3Oh,2,TRUE,NA
rs1963381,G,A,G,A,-0.00994,-0.01101,0.2568,0.26385899999999995,FALSE,FALSE,FALSE,7rgHSI,0.004706,0.01937,ab42,TRUE,reported,0.00162,8.8e-10,educ,TRUE,reported,K5Q3Oh,2,TRUE,NA
rs1967279,G,A,G,A,-0.02068,0.01186,0.97619,0.9705574,FALSE,FALSE,FALSE,7rgHSI,0.01311,0.3657,ab42,TRUE,reported,0.00387,9.43e-8,educ,TRUE,reported,K5Q3Oh,2,TRUE,NA
rs1971575,T,G,T,G,0.00726,0.009684,0.5476,0.552679,FALSE,FALSE,FALSE,7rgHSI,0.00411,0.01852,ab42,TRUE,reported,0.00142,3.05e-7,educ,TRUE,reported,K5Q3Oh,2,TRUE,NA
rs1980129,A,G,A,G,0.00854,-0.005543,0.4711,0.461334,FALSE,FALSE,FALSE,7rgHSI,0.003994,0.1653,ab42,TRUE,reported,0.0014,1.17e-9,educ,TRUE,reported,K5Q3Oh,2,TRUE,NA
rs1980526,A,T,A,T,0.00689,0.01056,0.5833,0.564028,FALSE,TRUE,TRUE,7rgHSI,0.004105,0.01011,ab42,TRUE,reported,0.00142,1.16e-6,educ,TRUE,reported,K5Q3Oh,2,FALSE,NA
rs198262,T,C,T,C,-0.02231,0.01266,0.96429,0.962396,FALSE,FALSE,FALSE,7rgHSI,0.009466,0.1812,ab42,TRUE,reported,0.00347,1.32e-10,educ,TRUE,reported,K5Q3Oh,2,TRUE,NA
rs198700,C,A,C,A,-0.00727,0.00345,0.6003,0.597013,FALSE,FALSE,FALSE,7rgHSI,0.004131,0.4037,ab42,TRUE,reported,0.00144,4.08e-7,educ,TRUE,reported,K5Q3Oh,2,TRUE,NA
rs1990264,G,A,G,A,0.00724,0.004218,0.4677,0.470835,FALSE,FALSE,FALSE,7rgHSI,0.004026,0.2948,ab42,TRUE,reported,0.00141,2.57e-7,educ,TRUE,reported,K5Q3Oh,2,TRUE,NA
rs1991585,C,T,C,T,0.01006,-0.005669,0.3027,0.31960299999999997,FALSE,FALSE,FALSE,7rgHSI,0.004518,0.2096,ab42,TRUE,reported,0.00154,6.26e-11,educ,TRUE,reported,K5Q3Oh,2,TRUE,NA
rs1995181,A,T,A,T,-0.00775,-0.001463,0.4422,0.437512,FALSE,TRUE,TRUE,7rgHSI,0.004083,0.7201,ab42,TRUE,reported,0.00141,3.61e-8,educ,TRUE,reported,K5Q3Oh,2,FALSE,NA
rs1999595,C,T,C,T,-0.01001,0.007411,0.1259,0.14749,FALSE,FALSE,FALSE,7rgHSI,0.005916,0.2103,ab42,TRUE,reported,0.00205,1.1e-6,educ,TRUE,reported,K5Q3Oh,2,TRUE,NA
rs2001040,G,A,G,A,-0.0072,-0.003852,0.4405,0.44220800000000005,FALSE,FALSE,FALSE,7rgHSI,0.004296,0.37,ab42,TRUE,reported,0.00142,4.26e-7,educ,TRUE,reported,K5Q3Oh,2,TRUE,NA
rs2006853,A,G,A,G,0.00739,-0.00371,0.5391,0.576424,FALSE,FALSE,FALSE,7rgHSI,0.004355,0.3944,ab42,TRUE,reported,0.00144,2.62e-7,educ,TRUE,reported,K5Q3Oh,2,TRUE,NA
rs2007655,T,G,T,G,0.0086,4.443e-4,0.5153,0.49675100000000005,FALSE,FALSE,FALSE,7rgHSI,0.004057,0.9128,ab42,TRUE,reported,0.0014,8.64e-10,educ,TRUE,reported,K5Q3Oh,2,TRUE,NA
rs2011603,G,A,G,A,0.0091,3.832e-4,0.2993,0.7319990000000001,FALSE,FALSE,FALSE,7rgHSI,0.004474,0.9317,ab42,TRUE,reported,0.00159,1.12e-8,educ,TRUE,reported,K5Q3Oh,2,TRUE,NA
rs2023016,C,G,C,G,0.01071,0.003188,0.8027,0.78186,FALSE,TRUE,FALSE,7rgHSI,0.005154,0.5363,ab42,TRUE,reported,0.00172,4.91e-10,educ,TRUE,reported,K5Q3Oh,2,TRUE,NA
rs2024568,C,T,C,T,0.00972,-0.003631,0.7432,0.736757,FALSE,FALSE,FALSE,7rgHSI,0.004769,0.4466,ab42,TRUE,reported,0.00161,1.61e-9,educ,TRUE,reported,K5Q3Oh,2,TRUE,NA
rs2025258,C,T,C,T,-0.00682,-0.0109,0.3776,0.342701,FALSE,FALSE,FALSE,7rgHSI,0.004162,0.008883,ab42,TRUE,reported,0.00147,3.49e-6,educ,TRUE,reported,K5Q3Oh,2,TRUE,NA
rs2029401,G,A,G,A,0.00913,-0.003212,0.5034,0.551247,FALSE,FALSE,FALSE,7rgHSI,0.004241,0.4489,ab42,TRUE,reported,0.00143,1.53e-10,educ,TRUE,reported,K5Q3Oh,2,TRUE,NA
rs2034631,C,T,C,T,-0.0089,-0.01041,0.3656,0.365799,FALSE,FALSE,FALSE,7rgHSI,0.00432,0.01604,ab42,TRUE,reported,0.0015,2.64e-9,educ,TRUE,reported,K5Q3Oh,2,TRUE,NA
rs2039204,T,A,T,A,-0.00822,-0.001226,0.4626,0.45375699999999997,FALSE,TRUE,TRUE,7rgHSI,0.004052,0.7623,ab42,TRUE,reported,0.00141,5.23e-9,educ,TRUE,reported,K5Q3Oh,2,FALSE,NA
rs2043187,A,G,A,G,0.01067,0.001411,0.2687,0.48977499999999996,FALSE,FALSE,FALSE,7rgHSI,0.004593,0.7588,ab42,TRUE,reported,0.00148,5.94e-13,educ,TRUE,reported,K5Q3Oh,2,TRUE,NA
rs2043289,A,G,A,G,-0.0136,0.01214,0.08163,0.0876501,FALSE,FALSE,FALSE,7rgHSI,0.0077,0.115,ab42,TRUE,reported,0.00261,1.96e-7,educ,TRUE,reported,K5Q3Oh,2,TRUE,NA
rs2044162,C,T,C,T,0.00757,-3.062e-4,0.6003,0.44222399999999995,FALSE,FALSE,FALSE,7rgHSI,0.004071,0.94,ab42,TRUE,reported,0.00142,1.06e-7,educ,TRUE,reported,K5Q3Oh,2,TRUE,NA
rs204603,C,T,C,T,0.01193,0.01371,0.90816,0.9244841,FALSE,FALSE,FALSE,7rgHSI,0.008021,0.08753,ab42,TRUE,reported,0.00256,3.27e-6,educ,TRUE,reported,K5Q3Oh,2,TRUE,NA
rs2048122,T,G,T,G,0.0103,-0.01359,0.2534,0.252679,FALSE,FALSE,FALSE,7rgHSI,0.004694,0.003808,ab42,TRUE,reported,0.00206,5.7e-7,educ,TRUE,reported,K5Q3Oh,2,TRUE,NA
rs2050405,A,G,A,G,0.00856,0.00141,0.2211,0.20649799999999996,FALSE,FALSE,FALSE,7rgHSI,0.005045,0.7799,ab42,TRUE,reported,0.00172,6.91e-7,educ,TRUE,reported,K5Q3Oh,2,TRUE,NA
rs2054257,A,G,A,G,-0.00749,0.007262,0.5,0.446951,FALSE,FALSE,FALSE,7rgHSI,0.004064,0.07406,ab42,TRUE,reported,0.00142,1.22e-7,educ,TRUE,reported,K5Q3Oh,2,TRUE,NA
rs2055940,A,G,A,G,0.00819,-0.003012,0.3299,0.307207,FALSE,FALSE,FALSE,7rgHSI,0.004434,0.497,ab42,TRUE,reported,0.0015,4.95e-8,educ,TRUE,reported,K5Q3Oh,2,TRUE,NA
rs2056586,C,A,C,A,0.00702,-0.001244,0.369,0.35055400000000003,FALSE,FALSE,FALSE,7rgHSI,0.004262,0.7703,ab42,TRUE,reported,0.00147,1.81e-6,educ,TRUE,reported,K5Q3Oh,2,TRUE,NA
rs2058495,G,A,G,A,0.00909,0.003517,0.7891,0.795873,FALSE,FALSE,FALSE,7rgHSI,0.00508,0.4888,ab42,TRUE,reported,0.0017,8.76e-8,educ,TRUE,reported,K5Q3Oh,2,TRUE,NA
rs2061062,G,A,G,A,-0.00984,-0.006742,0.8452,0.842162,FALSE,FALSE,FALSE,7rgHSI,0.005522,0.2222,ab42,TRUE,reported,0.0019,2.05e-7,educ,TRUE,reported,K5Q3Oh,2,TRUE,NA
rs206127,C,T,C,T,-0.0069,0.003835,0.6293,0.639852,FALSE,FALSE,FALSE,7rgHSI,0.00424,0.3659,ab42,TRUE,reported,0.00147,2.76e-6,educ,TRUE,reported,K5Q3Oh,2,TRUE,NA
rs2061425,T,C,T,C,-0.00849,-0.001122,0.7432,0.763582,FALSE,FALSE,FALSE,7rgHSI,0.004825,0.8161,ab42,TRUE,reported,0.00163,2.02e-7,educ,TRUE,reported,K5Q3Oh,2,TRUE,NA
rs2072927,G,A,G,A,-0.00692,-0.004508,0.5136,0.5235909999999999,FALSE,FALSE,FALSE,7rgHSI,0.004357,0.3009,ab42,TRUE,reported,0.00144,1.48e-6,educ,TRUE,reported,K5Q3Oh,2,TRUE,NA
rs2076586,C,T,C,T,-0.00854,-0.008646,0.7619,0.753911,FALSE,FALSE,FALSE,7rgHSI,0.004778,0.0705,ab42,TRUE,reported,0.00164,1.92e-7,educ,TRUE,reported,K5Q3Oh,2,TRUE,NA
rs2077235,T,C,T,C,0.00972,0.004299,0.2449,0.239221,FALSE,FALSE,FALSE,7rgHSI,0.004822,0.3727,ab42,TRUE,reported,0.00166,5.2e-9,educ,TRUE,reported,K5Q3Oh,2,TRUE,NA
rs2081652,T,A,T,A,-0.01229,0.006634,0.3537,0.33758900000000003,FALSE,TRUE,FALSE,7rgHSI,0.00428,0.1213,ab42,TRUE,reported,0.00148,1.09e-16,educ,TRUE,reported,K5Q3Oh,2,TRUE,NA
rs2082317,T,C,T,C,-0.00779,0.001467,0.5204,0.51215,FALSE,FALSE,FALSE,7rgHSI,0.004195,0.7267,ab42,TRUE,reported,0.00141,3.19e-8,educ,TRUE,reported,K5Q3Oh,2,TRUE,NA
rs2084131,G,A,G,A,-0.0123,0.003174,0.6718,0.620095,FALSE,FALSE,FALSE,7rgHSI,0.004213,0.4513,ab42,TRUE,reported,0.00145,2.08e-17,educ,TRUE,reported,K5Q3Oh,2,TRUE,NA
rs2088913,A,G,A,G,0.00814,0.001431,0.5952,0.559547,FALSE,FALSE,FALSE,7rgHSI,0.004074,0.7254,ab42,TRUE,reported,0.00142,9.61e-9,educ,TRUE,reported,K5Q3Oh,2,TRUE,NA
rs2089171,G,A,G,A,0.00699,-5.801e-4,0.3912,0.38243,FALSE,FALSE,FALSE,7rgHSI,0.0043,0.8927,ab42,TRUE,reported,0.00146,1.65e-6,educ,TRUE,reported,K5Q3Oh,2,TRUE,NA
rs2098526,G,A,G,A,0.02407,0.009669,0.96939,0.9687096,FALSE,FALSE,FALSE,7rgHSI,0.01148,0.3997,ab42,TRUE,reported,0.00426,1.62e-8,educ,TRUE,reported,K5Q3Oh,2,TRUE,NA
rs209857,T,G,T,G,0.00993,-0.003806,0.92007,0.885556,FALSE,FALSE,FALSE,7rgHSI,0.006835,0.5777,ab42,TRUE,reported,0.00216,4.32e-6,educ,TRUE,reported,K5Q3Oh,2,TRUE,NA
rs2100249,T,G,T,G,-0.00886,-0.003892,0.3912,0.352387,FALSE,FALSE,FALSE,7rgHSI,0.004378,0.3741,ab42,TRUE,reported,0.00148,1.91e-9,educ,TRUE,reported,K5Q3Oh,2,TRUE,NA
rs2126069,T,C,T,C,0.00803,0.002566,0.4609,0.455882,FALSE,FALSE,FALSE,7rgHSI,0.004242,0.5454,ab42,TRUE,reported,0.0014,1.11e-8,educ,TRUE,reported,K5Q3Oh,2,TRUE,NA
rs2127609,G,A,G,A,-0.01248,0.005572,0.90646,0.9124731,FALSE,FALSE,FALSE,7rgHSI,0.007454,0.4548,ab42,TRUE,reported,0.00242,2.56e-7,educ,TRUE,reported,K5Q3Oh,2,TRUE,NA
rs2127865,G,A,G,A,-0.00888,6.218e-4,0.2177,0.251678,FALSE,FALSE,FALSE,7rgHSI,0.004818,0.8973,ab42,TRUE,reported,0.00169,1.5e-7,educ,TRUE,reported,K5Q3Oh,2,TRUE,NA
rs2131167,A,G,A,G,0.00799,-0.001569,0.4405,0.451755,FALSE,FALSE,FALSE,7rgHSI,0.004191,0.7082,ab42,TRUE,reported,0.00141,1.52e-8,educ,TRUE,reported,K5Q3Oh,2,TRUE,NA
rs214626,A,G,A,G,0.01012,3.149e-4,0.165,0.196504,FALSE,FALSE,FALSE,7rgHSI,0.005171,0.9514,ab42,TRUE,reported,0.00179,1.58e-8,educ,TRUE,reported,K5Q3Oh,2,TRUE,NA
rs2148457,C,T,C,T,-0.00811,-0.004939,0.7364,0.72915,FALSE,FALSE,FALSE,7rgHSI,0.004434,0.2655,ab42,TRUE,reported,0.00157,2.58e-7,educ,TRUE,reported,K5Q3Oh,2,TRUE,NA
rs2149866,T,C,T,C,-0.00748,0.001041,0.585,0.600108,FALSE,FALSE,FALSE,7rgHSI,0.004108,0.79990000000000006,ab42,TRUE,reported,0.00142,1.35e-7,educ,TRUE,reported,K5Q3Oh,2,TRUE,NA
rs2158507,C,A,C,A,0.00736,0.004047,0.6412,0.592516,FALSE,FALSE,FALSE,7rgHSI,0.004177,0.3326,ab42,TRUE,reported,0.00144,3.17e-7,educ,TRUE,reported,K5Q3Oh,2,TRUE,NA
rs2158710,T,C,T,C,0.00719,9.774e-4,0.5901,0.583816,FALSE,FALSE,FALSE,7rgHSI,0.004081,0.8108,ab42,TRUE,reported,0.00143,5.17e-7,educ,TRUE,reported,K5Q3Oh,2,TRUE,NA
rs2160514,C,A,C,A,0.00941,-0.002161,0.4184,0.432492,FALSE,FALSE,FALSE,7rgHSI,0.004309,0.616,ab42,TRUE,reported,0.00141,2.54e-11,educ,TRUE,reported,K5Q3Oh,2,TRUE,NA
rs216130,T,C,T,C,-0.00731,-0.01121,0.4218,0.41807799999999995,FALSE,FALSE,FALSE,7rgHSI,0.004174,0.007293,ab42,TRUE,reported,0.00144,4.2e-7,educ,TRUE,reported,K5Q3Oh,2,TRUE,NA
rs2163503,A,C,A,C,-0.00994,2.782e-4,0.7908,0.792424,FALSE,FALSE,FALSE,7rgHSI,0.00506,0.9562,ab42,TRUE,reported,0.00173,8.84e-9,educ,TRUE,reported,K5Q3Oh,2,TRUE,NA
rs2174528,C,T,C,T,-0.00818,0.002794,0.1922,0.215522,FALSE,FALSE,FALSE,7rgHSI,0.004814,0.5617,ab42,TRUE,reported,0.00166,8.39e-7,educ,TRUE,reported,K5Q3Oh,2,TRUE,NA
rs2179152,C,T,C,T,0.01314,1.221e-4,0.6429,0.649553,FALSE,FALSE,FALSE,7rgHSI,0.004226,0.9769,ab42,TRUE,reported,0.00145,1.68e-19,educ,TRUE,reported,K5Q3Oh,2,TRUE,NA
rs2183271,T,C,T,C,0.00838,0.002612,0.6122,0.6338619999999999,FALSE,FALSE,FALSE,7rgHSI,0.00419,0.5331,ab42,TRUE,reported,0.00149,1.91e-8,educ,TRUE,reported,K5Q3Oh,2,TRUE,NA
rs2183924,G,A,G,A,-0.01137,-0.001724,0.8827,0.87182,FALSE,FALSE,FALSE,7rgHSI,0.006547,0.7923,ab42,TRUE,reported,0.00215,1.24e-7,educ,TRUE,reported,K5Q3Oh,2,TRUE,NA
rs2186213,T,A,T,A,0.00645,1.498e-4,0.4558,0.476009,FALSE,TRUE,TRUE,7rgHSI,0.004069,0.9706,ab42,TRUE,reported,0.00141,4.71e-6,educ,TRUE,reported,K5Q3Oh,2,FALSE,NA
rs2192692,A,G,A,G,-0.00662,1.202e-4,0.5544,0.552864,FALSE,FALSE,FALSE,7rgHSI,0.004203,0.9772,ab42,TRUE,reported,0.00142,3.11e-6,educ,TRUE,reported,K5Q3Oh,2,TRUE,NA
rs2193615,A,G,A,G,0.00733,-0.001719,0.6173,0.557838,FALSE,FALSE,FALSE,7rgHSI,0.004019,0.6689,ab42,TRUE,reported,0.00142,2.26e-7,educ,TRUE,reported,K5Q3Oh,2,TRUE,NA
rs2199409,C,T,C,T,-0.01032,-0.006981,0.2092,0.216846,FALSE,FALSE,FALSE,7rgHSI,0.004942,0.1579,ab42,TRUE,reported,0.00174,3.14e-9,educ,TRUE,reported,K5Q3Oh,2,TRUE,NA
rs2201049,C,T,C,T,-0.00654,-0.001058,0.4541,0.441484,FALSE,FALSE,FALSE,7rgHSI,0.004082,0.7955,ab42,TRUE,reported,0.00141,3.52e-6,educ,TRUE,reported,K5Q3Oh,2,TRUE,NA
rs220370,T,C,T,C,-0.00658,0.007081,0.602,0.590884,FALSE,FALSE,FALSE,7rgHSI,0.004296,0.0994,ab42,TRUE,reported,0.00142,3.35e-6,educ,TRUE,reported,K5Q3Oh,2,TRUE,NA
rs2212430,T,C,T,C,-0.00997,0.001894,0.2891,0.293702,FALSE,FALSE,FALSE,7rgHSI,0.004444,0.67,ab42,TRUE,reported,0.00155,1.32e-10,educ,TRUE,reported,K5Q3Oh,2,TRUE,NA
rs2213609,A,G,A,G,-0.00896,-0.01276,0.8367,0.846551,FALSE,FALSE,FALSE,7rgHSI,0.005667,0.02447,ab42,TRUE,reported,0.00194,3.98e-6,educ,TRUE,reported,K5Q3Oh,2,TRUE,NA
rs2216144,C,T,C,T,-0.00983,-0.003189,0.4558,0.457468,FALSE,FALSE,FALSE,7rgHSI,0.00397,0.4218,ab42,TRUE,reported,0.00141,2.58e-12,educ,TRUE,reported,K5Q3Oh,2,TRUE,NA
rs2220926,T,C,T,C,-0.00951,-0.002895,0.415,0.442408,FALSE,FALSE,FALSE,7rgHSI,0.004104,0.4807,ab42,TRUE,reported,0.00142,1.84e-11,educ,TRUE,reported,K5Q3Oh,2,TRUE,NA
rs2223118,C,T,C,T,0.01146,-0.01216,0.8707,0.875593,FALSE,FALSE,FALSE,7rgHSI,0.006616,0.06625,ab42,TRUE,reported,0.00226,4.1e-7,educ,TRUE,reported,K5Q3Oh,2,TRUE,NA
rs2237943,C,T,C,T,0.00762,0.002858,0.4813,0.492254,FALSE,FALSE,FALSE,7rgHSI,0.004056,0.481,ab42,TRUE,reported,0.0014,5.6e-8,educ,TRUE,reported,K5Q3Oh,2,TRUE,NA
rs2239016,A,G,A,G,-0.00764,-0.003832,0.7058,0.670219,FALSE,FALSE,FALSE,7rgHSI,0.004426,0.3867,ab42,TRUE,reported,0.00152,4.61e-7,educ,TRUE,reported,K5Q3Oh,2,TRUE,NA
rs2246046,C,T,C,T,0.00849,-0.004065,0.2007,0.18013500000000005,FALSE,FALSE,FALSE,7rgHSI,0.005392,0.4509,ab42,TRUE,reported,0.00183,3.47e-6,educ,TRUE,reported,K5Q3Oh,2,TRUE,NA
rs2250660,G,C,G,C,-0.008,0.005669,0.4796,0.49788999999999994,FALSE,TRUE,TRUE,7rgHSI,0.004107,0.1676,ab42,TRUE,reported,0.0014,1.2e-8,educ,TRUE,reported,K5Q3Oh,2,FALSE,NA
rs2252098,C,T,C,T,0.00769,0.001503,0.5391,0.55425,FALSE,FALSE,FALSE,7rgHSI,0.004028,0.709,ab42,TRUE,reported,0.00141,4.74e-8,educ,TRUE,reported,K5Q3Oh,2,TRUE,NA
rs2254681,A,G,A,G,0.01009,0.006167,0.2262,0.24400999999999995,FALSE,FALSE,FALSE,7rgHSI,0.004726,0.192,ab42,TRUE,reported,0.00162,4.25e-10,educ,TRUE,reported,K5Q3Oh,2,TRUE,NA
rs2256965,G,A,G,A,-0.01056,-0.005875,0.5425,0.591561,FALSE,FALSE,FALSE,7rgHSI,0.004099,0.1519,ab42,TRUE,reported,0.00144,2.4e-13,educ,TRUE,reported,K5Q3Oh,2,TRUE,NA
rs2276209,C,A,C,A,-0.00847,-0.004462,0.2755,0.308131,FALSE,FALSE,FALSE,7rgHSI,0.004409,0.3116,ab42,TRUE,reported,0.00154,3.49e-8,educ,TRUE,reported,K5Q3Oh,2,TRUE,NA
rs228081,T,C,T,C,-0.00723,-0.001308,0.5731,0.625393,FALSE,FALSE,FALSE,7rgHSI,0.004221,0.7567,ab42,TRUE,reported,0.00144,4.78e-7,educ,TRUE,reported,K5Q3Oh,2,TRUE,NA
rs2287802,G,A,G,A,-0.00681,-0.006566,0.3707,0.376655,FALSE,FALSE,FALSE,7rgHSI,0.004253,0.1228,ab42,TRUE,reported,0.00148,4.02e-6,educ,TRUE,reported,K5Q3Oh,2,TRUE,NA
rs2287838,A,G,A,G,-0.01044,-0.003861,0.534,0.529905,FALSE,FALSE,FALSE,7rgHSI,0.004111,0.3478,ab42,TRUE,reported,0.00141,1.27e-13,educ,TRUE,reported,K5Q3Oh,2,TRUE,NA
rs2288799,A,G,A,G,0.00695,6.057e-4,0.5646,0.5311980000000001,FALSE,FALSE,FALSE,7rgHSI,0.0041,0.8826,ab42,TRUE,reported,0.00141,8.27e-7,educ,TRUE,reported,K5Q3Oh,2,TRUE,NA
rs2290601,T,C,T,C,-0.01492,0.002353,0.7925,0.762889,FALSE,FALSE,FALSE,7rgHSI,0.004804,0.6244,ab42,TRUE,reported,0.00167,4.49e-19,educ,TRUE,reported,K5Q3Oh,2,TRUE,NA
rs2297293,C,G,C,G,0.00987,0.002442,0.3129,0.325824,FALSE,TRUE,FALSE,7rgHSI,0.004496,0.587,ab42,TRUE,reported,0.00152,8.8e-11,educ,TRUE,reported,K5Q3Oh,2,TRUE,NA
rs2298952,G,A,G,A,0.01962,0.002165,0.1139,0.09956900000000002,FALSE,FALSE,FALSE,7rgHSI,0.007205,0.7639,ab42,TRUE,reported,0.00234,4.39e-17,educ,TRUE,reported,K5Q3Oh,2,TRUE,NA
rs2299156,T,C,T,C,0.00991,0.002198,0.1888,0.188451,FALSE,FALSE,FALSE,7rgHSI,0.005114,0.6674,ab42,TRUE,reported,0.00179,3.15e-8,educ,TRUE,reported,K5Q3Oh,2,TRUE,NA
rs2301586,A,T,A,T,-0.00695,7.879e-4,0.6293,0.6430400000000001,FALSE,TRUE,FALSE,7rgHSI,0.004199,0.8512,ab42,TRUE,reported,0.00146,2.01e-6,educ,TRUE,reported,K5Q3Oh,2,TRUE,NA
rs2312942,C,T,C,T,0.00787,-0.001589,0.2738,0.292439,FALSE,FALSE,FALSE,7rgHSI,0.004344,0.7145,ab42,TRUE,reported,0.00156,4.5e-7,educ,TRUE,reported,K5Q3Oh,2,TRUE,NA
rs2313275,T,G,T,G,0.00697,-0.003329,0.6463,0.64769,FALSE,FALSE,FALSE,7rgHSI,0.004273,0.4359,ab42,TRUE,reported,0.00149,2.94e-6,educ,TRUE,reported,K5Q3Oh,2,TRUE,NA
rs2316182,A,G,A,G,0.01049,-0.008325,0.8571,0.878303,FALSE,FALSE,FALSE,7rgHSI,0.006642,0.2102,ab42,TRUE,reported,0.00212,7.88e-7,educ,TRUE,reported,K5Q3Oh,2,TRUE,NA
rs2321157,A,G,A,G,-0.00812,-0.00286,0.4983,0.4976130000000001,FALSE,FALSE,FALSE,7rgHSI,0.004035,0.4785,ab42,TRUE,reported,0.00141,7.64e-9,educ,TRUE,reported,K5Q3Oh,2,TRUE,NA
rs232496,T,C,T,C,0.00897,-0.005377,0.369,0.38085899999999995,FALSE,FALSE,FALSE,7rgHSI,0.004203,0.2009,ab42,TRUE,reported,0.00146,7.14e-10,educ,TRUE,reported,K5Q3Oh,2,TRUE,NA
rs2332179,G,A,G,A,-0.01206,-4.692e-4,0.15310000000000001,0.14883,FALSE,FALSE,FALSE,7rgHSI,0.005592,0.9331,ab42,TRUE,reported,0.00203,2.76e-9,educ,TRUE,reported,K5Q3Oh,2,TRUE,NA
rs2332752,G,C,G,C,-0.01347,0.005565,0.06973,0.08592500000000003,FALSE,TRUE,FALSE,7rgHSI,0.007317,0.447,ab42,TRUE,reported,0.0025,7.14e-8,educ,TRUE,reported,K5Q3Oh,2,TRUE,NA
rs2334119,A,G,A,G,0.00664,0.001168,0.6565,0.599076,FALSE,FALSE,FALSE,7rgHSI,0.004212,0.7816,ab42,TRUE,reported,0.00145,4.86e-6,educ,TRUE,reported,K5Q3Oh,2,TRUE,NA
rs2335726,G,C,G,C,0.00675,0.004246,0.3605,0.364413,FALSE,TRUE,FALSE,7rgHSI,0.004301,0.3236,ab42,TRUE,reported,0.00147,4.34e-6,educ,TRUE,reported,K5Q3Oh,2,TRUE,NA
rs2336721,C,T,C,T,-0.0095,0.002575,0.6395,0.682923,FALSE,FALSE,FALSE,7rgHSI,0.004278,0.5474,ab42,TRUE,reported,0.00147,1.05e-10,educ,TRUE,reported,K5Q3Oh,2,TRUE,NA
rs233955,C,T,C,T,0.00754,-0.007646,0.7279,0.735525,FALSE,FALSE,FALSE,7rgHSI,0.004509,0.09003,ab42,TRUE,reported,0.00162,3.12e-6,educ,TRUE,reported,K5Q3Oh,2,TRUE,NA
rs2341264,C,T,C,T,0.00771,-0.005817,0.5935,0.610256,FALSE,FALSE,FALSE,7rgHSI,0.004168,0.163,ab42,TRUE,reported,0.00142,6.16e-8,educ,TRUE,reported,K5Q3Oh,2,TRUE,NA
rs2347542,C,T,C,T,0.0087,0.01039,0.8282,0.8166,FALSE,FALSE,FALSE,7rgHSI,0.005277,0.04905,ab42,TRUE,reported,0.00183,2e-6,educ,TRUE,reported,K5Q3Oh,2,TRUE,NA
rs2352974,T,C,T,C,-0.02569,-5.66e-4,0.5,0.469941,FALSE,FALSE,FALSE,7rgHSI,0.004105,0.8903,ab42,TRUE,reported,0.00141,6.35e-74,educ,TRUE,reported,K5Q3Oh,2,TRUE,NA
rs2358628,C,A,C,A,0.0091,0.005818,0.6735,0.660918,FALSE,FALSE,FALSE,7rgHSI,0.004334,0.1795,ab42,TRUE,reported,0.00151,1.78e-9,educ,TRUE,reported,K5Q3Oh,2,TRUE,NA
rs236318,C,G,C,G,-0.01021,0.001175,0.2585,0.23831199999999997,FALSE,TRUE,FALSE,7rgHSI,0.00486,0.809,ab42,TRUE,reported,0.00166,7.4e-10,educ,TRUE,reported,K5Q3Oh,2,TRUE,NA
rs2364544,G,A,G,A,0.01051,-0.006566,0.5459,0.42935,FALSE,FALSE,FALSE,7rgHSI,0.004154,0.1141,ab42,TRUE,reported,0.00144,2.91e-13,educ,TRUE,reported,K5Q3Oh,2,TRUE,NA
rs2365376,C,A,C,A,-0.00921,-0.00563,0.6718,0.651432,FALSE,FALSE,FALSE,7rgHSI,0.004346,0.1953,ab42,TRUE,reported,0.00147,3.93e-10,educ,TRUE,reported,K5Q3Oh,2,TRUE,NA
rs2368449,A,G,A,G,0.00925,-0.002598,0.4422,0.42613199999999996,FALSE,FALSE,FALSE,7rgHSI,0.004062,0.5225,ab42,TRUE,reported,0.0018600000000000001,7.08e-7,educ,TRUE,reported,K5Q3Oh,2,TRUE,NA
rs2371109,T,G,T,G,-0.00663,0.01003,0.4575,0.496381,FALSE,FALSE,FALSE,7rgHSI,0.004142,0.01549,ab42,TRUE,reported,0.00142,2.94e-6,educ,TRUE,reported,K5Q3Oh,2,TRUE,NA
rs2373124,A,G,A,G,-0.00964,-0.006518,0.75,0.77259,FALSE,FALSE,FALSE,7rgHSI,0.00471,0.1666,ab42,TRUE,reported,0.00164,4.35e-9,educ,TRUE,reported,K5Q3Oh,2,TRUE,NA
rs2374213,G,A,G,A,0.0096,0.003408,0.1497,0.136495,FALSE,FALSE,FALSE,7rgHSI,0.00604,0.5726,ab42,TRUE,reported,0.0021,4.69e-6,educ,TRUE,reported,K5Q3Oh,2,TRUE,NA
rs2374614,T,A,T,A,0.00742,-0.003423,0.3418,0.361133,FALSE,TRUE,FALSE,7rgHSI,0.004356,0.432,ab42,TRUE,reported,0.00148,5.2e-7,educ,TRUE,reported,K5Q3Oh,2,TRUE,NA
rs2381400,G,A,G,A,0.00799,0.002329,0.7177,0.7080230000000001,FALSE,FALSE,FALSE,7rgHSI,0.004567,0.6101,ab42,TRUE,reported,0.00155,2.32e-7,educ,TRUE,reported,K5Q3Oh,2,TRUE,NA
rs2396366,C,T,C,T,-0.00776,-0.001662,0.6088,0.588251,FALSE,FALSE,FALSE,7rgHSI,0.004172,0.6905,ab42,TRUE,reported,0.00144,7.72e-8,educ,TRUE,reported,K5Q3Oh,2,TRUE,NA
rs2402130,G,A,G,A,0.0084,0.001593,0.2194,0.19593499999999997,FALSE,FALSE,FALSE,7rgHSI,0.005162,0.7576,ab42,TRUE,reported,0.00178,2.4e-6,educ,TRUE,reported,K5Q3Oh,2,TRUE,NA
rs2406253,G,A,G,A,-0.01347,0.001745,0.2024,0.191577,FALSE,FALSE,FALSE,7rgHSI,0.004978,0.7259,ab42,TRUE,reported,0.00178,3.58e-14,educ,TRUE,reported,K5Q3Oh,2,TRUE,NA
rs2414072,A,T,A,T,-0.00828,-0.001451,0.4864,0.464475,FALSE,TRUE,TRUE,7rgHSI,0.004148,0.7265,ab42,TRUE,reported,0.00141,4.45e-9,educ,TRUE,reported,K5Q3Oh,2,FALSE,NA
rs2416322,T,C,T,C,-0.00868,-0.003598,0.8282,0.835125,FALSE,FALSE,FALSE,7rgHSI,0.005412,0.5062,ab42,TRUE,reported,0.00183,2.24e-6,educ,TRUE,reported,K5Q3Oh,2,TRUE,NA
rs2416759,A,G,A,G,-0.00926,0.00611,0.6956,0.694102,FALSE,FALSE,FALSE,7rgHSI,0.004595,0.1837,ab42,TRUE,reported,0.00153,1.45e-9,educ,TRUE,reported,K5Q3Oh,2,TRUE,NA
rs2416845,T,C,T,C,0.02629,-0.01316,0.97619,0.9746535,FALSE,FALSE,FALSE,7rgHSI,0.01219,0.2806,ab42,TRUE,reported,0.0048,4.19e-8,educ,TRUE,reported,K5Q3Oh,2,TRUE,NA
rs2424627,C,T,C,T,-0.00737,1.416e-4,0.2755,0.32263600000000003,FALSE,FALSE,FALSE,7rgHSI,0.004334,0.9739,ab42,TRUE,reported,0.00153,1.44e-6,educ,TRUE,reported,K5Q3Oh,2,TRUE,NA
rs2430808,G,A,G,A,-0.00955,-0.005588,0.1718,0.16910999999999998,FALSE,FALSE,FALSE,7rgHSI,0.00569,0.3261,ab42,TRUE,reported,0.00194,8.43e-7,educ,TRUE,reported,K5Q3Oh,2,TRUE,NA
rs2434672,C,A,C,A,-0.00909,0.001478,0.4711,0.463782,FALSE,FALSE,FALSE,7rgHSI,0.004135,0.7207,ab42,TRUE,reported,0.00141,1.06e-10,educ,TRUE,reported,K5Q3Oh,2,TRUE,NA
rs2436760,C,T,C,T,-0.0232,0.01608,0.02721,0.03789699999999996,FALSE,FALSE,FALSE,7rgHSI,0.0118,0.1733,ab42,TRUE,reported,0.00424,4.52e-8,educ,TRUE,reported,K5Q3Oh,2,TRUE,NA
rs2438390,G,A,G,A,0.00967,0.002691,0.835,0.833924,FALSE,FALSE,FALSE,7rgHSI,0.00537,0.6163,ab42,TRUE,reported,0.00191,4.16e-7,educ,TRUE,reported,K5Q3Oh,2,TRUE,NA
rs2447097,G,T,G,T,-0.00957,0.001081,0.5306,0.535648,FALSE,FALSE,FALSE,7rgHSI,0.004153,0.7947,ab42,TRUE,reported,0.00141,1.1e-11,educ,TRUE,reported,K5Q3Oh,2,TRUE,NA
rs2453441,G,A,G,A,0.00769,8.789e-5,0.3946,0.356421,FALSE,FALSE,FALSE,7rgHSI,0.004287,0.9836,ab42,TRUE,reported,0.00146,1.44e-7,educ,TRUE,reported,K5Q3Oh,2,TRUE,NA
rs2454897,C,A,C,A,0.00742,0.001975,0.6922,0.698707,FALSE,FALSE,FALSE,7rgHSI,0.004476,0.659,ab42,TRUE,reported,0.00151,8.94e-7,educ,TRUE,reported,K5Q3Oh,2,TRUE,NA
rs2458370,C,T,C,T,0.00859,0.005575,0.3503,0.36101,FALSE,FALSE,FALSE,7rgHSI,0.004196,0.1841,ab42,TRUE,reported,0.00146,4.23e-9,educ,TRUE,reported,K5Q3Oh,2,TRUE,NA
rs2469226,A,T,A,T,0.00959,0.0031,0.2279,0.212458,FALSE,TRUE,FALSE,7rgHSI,0.00499,0.5345,ab42,TRUE,reported,0.00169,1.28e-8,educ,TRUE,reported,K5Q3Oh,2,TRUE,NA
rs2470966,C,G,C,G,-0.01031,0.002088,0.6837,0.703141,FALSE,TRUE,FALSE,7rgHSI,0.004412,0.636,ab42,TRUE,reported,0.00153,1.62e-11,educ,TRUE,reported,K5Q3Oh,2,TRUE,NA
rs2471628,A,G,A,G,0.00824,-0.00772,0.7568,0.746397,FALSE,FALSE,FALSE,7rgHSI,0.004812,0.1087,ab42,TRUE,reported,0.00167,8.07e-7,educ,TRUE,reported,K5Q3Oh,2,TRUE,NA
rs2475335,T,C,T,C,0.00954,-0.002923,0.8027,0.809332,FALSE,FALSE,FALSE,7rgHSI,0.005109,0.5673,ab42,TRUE,reported,0.00181,1.47e-7,educ,TRUE,reported,K5Q3Oh,2,TRUE,NA
rs2478208,C,G,C,G,-0.01026,-0.001514,0.5,0.526963,FALSE,TRUE,TRUE,7rgHSI,0.0041660000000000004,0.7163,ab42,TRUE,reported,0.00141,2.89e-13,educ,TRUE,reported,K5Q3Oh,2,FALSE,NA
rs249105,C,T,C,T,-0.00902,-0.004892,0.8605,0.857669,FALSE,FALSE,FALSE,7rgHSI,0.005818,0.4006,ab42,TRUE,reported,0.00195,3.91e-6,educ,TRUE,reported,K5Q3Oh,2,TRUE,NA
rs249108,C,T,C,T,-0.00678,2.428e-4,0.4031,0.377287,FALSE,FALSE,FALSE,7rgHSI,0.004187,0.9538,ab42,TRUE,reported,0.00145,2.83e-6,educ,TRUE,reported,K5Q3Oh,2,TRUE,NA
rs2496482,C,T,C,T,-0.012070000000000001,-0.002656,0.585,0.6123959999999999,FALSE,FALSE,FALSE,7rgHSI,0.004151,0.5223,ab42,TRUE,reported,0.00145,9.2e-17,educ,TRUE,reported,K5Q3Oh,2,TRUE,NA
rs2497414,A,G,A,G,-0.00869,0.001243,0.8265,0.77895,FALSE,FALSE,FALSE,7rgHSI,0.00489,0.7993,ab42,TRUE,reported,0.00173,4.75e-7,educ,TRUE,reported,K5Q3Oh,2,TRUE,NA
rs2506141,C,T,C,T,-0.00734,0.006446,0.4983,0.485109,FALSE,FALSE,FALSE,7rgHSI,0.004075,0.1138,ab42,TRUE,reported,0.00141,1.8e-7,educ,TRUE,reported,K5Q3Oh,2,TRUE,NA
rs2517086,C,G,C,G,-0.00877,-0.001231,0.5272,0.510209,FALSE,TRUE,TRUE,7rgHSI,0.004195,0.7691,ab42,TRUE,reported,0.00143,8e-10,educ,TRUE,reported,K5Q3Oh,2,FALSE,NA
rs2521602,G,A,G,A,0.02664,-0.008789,0.97619,0.9801509,FALSE,FALSE,FALSE,7rgHSI,0.01329,0.5085,ab42,TRUE,reported,0.00486,4.17e-8,educ,TRUE,reported,K5Q3Oh,2,TRUE,NA
rs2526398,C,G,C,G,-0.02224,-0.008539,0.3895,0.323822,FALSE,TRUE,FALSE,7rgHSI,0.00456,0.06126,ab42,TRUE,reported,0.00148,2.47e-51,educ,TRUE,reported,K5Q3Oh,2,TRUE,NA
rs2527886,C,T,C,T,0.00722,0.001752,0.5493,0.58454,FALSE,FALSE,FALSE,7rgHSI,0.004216,0.6778,ab42,TRUE,reported,0.00142,3.58e-7,educ,TRUE,reported,K5Q3Oh,2,TRUE,NA
rs2529069,C,T,C,T,0.01058,4.519e-4,0.2653,0.278503,FALSE,FALSE,FALSE,7rgHSI,0.004498,0.92,ab42,TRUE,reported,0.00159,2.66e-11,educ,TRUE,reported,K5Q3Oh,2,TRUE,NA
rs252991,G,A,G,A,-0.0095,0.008816,0.6003,0.630536,FALSE,FALSE,FALSE,7rgHSI,0.004225,0.037,ab42,TRUE,reported,0.00145,6.3e-11,educ,TRUE,reported,K5Q3Oh,2,TRUE,NA
rs2542673,A,C,A,C,0.00877,-0.002673,0.3231,0.31573799999999996,FALSE,FALSE,FALSE,7rgHSI,0.004195,0.524,ab42,TRUE,reported,0.00151,6.3e-9,educ,TRUE,reported,K5Q3Oh,2,TRUE,NA
rs2545795,A,C,A,C,0.0125,0.001082,0.4745,0.47392999999999996,FALSE,FALSE,FALSE,7rgHSI,0.004107,0.7923,ab42,TRUE,reported,0.00142,1.03e-18,educ,TRUE,reported,K5Q3Oh,2,TRUE,NA
rs255053,G,A,G,A,0.01107,7.424e-4,0.8163,0.792747,FALSE,FALSE,FALSE,7rgHSI,0.005031,0.8827,ab42,TRUE,reported,0.00179,6.68e-10,educ,TRUE,reported,K5Q3Oh,2,TRUE,NA
rs255294,T,C,T,C,0.00722,0.003114,0.5714,0.64556499999999994,FALSE,FALSE,FALSE,7rgHSI,0.004278,0.4668,ab42,TRUE,reported,0.00147,9.56e-7,educ,TRUE,reported,K5Q3Oh,2,TRUE,NA
rs2561621,C,T,C,T,-0.00718,-9.011e-4,0.7449,0.714398,FALSE,FALSE,FALSE,7rgHSI,0.004576,0.8439,ab42,TRUE,reported,0.00155,3.77e-6,educ,TRUE,reported,K5Q3Oh,2,TRUE,NA
rs2567427,T,G,T,G,0.01298,0.002555,0.07483,0.0791346,FALSE,FALSE,FALSE,7rgHSI,0.007612,0.7372,ab42,TRUE,reported,0.00245,1.16e-7,educ,TRUE,reported,K5Q3Oh,2,TRUE,NA
rs2568955,T,C,T,C,-0.01654,0.01156,0.2415,0.19730499999999995,FALSE,FALSE,FALSE,7rgHSI,0.005093,0.02325,ab42,TRUE,reported,0.00162,2.51e-24,educ,TRUE,reported,K5Q3Oh,2,TRUE,NA
rs2570497,C,T,C,T,0.012070000000000001,-0.01145,0.3265,0.35579000000000005,FALSE,FALSE,FALSE,7rgHSI,0.004155,0.005898,ab42,TRUE,reported,0.00146,1.27e-16,educ,TRUE,reported,K5Q3Oh,2,TRUE,NA
rs2577901,C,T,C,T,0.01186,-0.006915,0.881,0.894333,FALSE,FALSE,FALSE,7rgHSI,0.006516,0.2887,ab42,TRUE,reported,0.00237,5.46e-7,educ,TRUE,reported,K5Q3Oh,2,TRUE,NA
rs2582951,C,T,C,T,0.00693,-0.005233,0.5697,0.60328,FALSE,FALSE,FALSE,7rgHSI,0.004228,0.2159,ab42,TRUE,reported,0.00146,1.98e-6,educ,TRUE,reported,K5Q3Oh,2,TRUE,NA
rs2585817,G,A,G,A,0.00745,-0.006493,0.3724,0.394949,FALSE,FALSE,FALSE,7rgHSI,0.004104,0.1138,ab42,TRUE,reported,0.00144,2.39e-7,educ,TRUE,reported,K5Q3Oh,2,TRUE,NA
rs2588959,C,T,C,T,0.00804,0.009089,0.4847,0.471081,FALSE,FALSE,FALSE,7rgHSI,0.004087,0.02624,ab42,TRUE,reported,0.0014,9.88e-9,educ,TRUE,reported,K5Q3Oh,2,TRUE,NA
rs2593102,A,G,A,G,-0.01309,-0.01226,0.90646,0.9168617,FALSE,FALSE,FALSE,7rgHSI,0.00703,0.08124,ab42,TRUE,reported,0.00251,1.85e-7,educ,TRUE,reported,K5Q3Oh,2,TRUE,NA
rs260058,C,T,C,T,-0.00768,-0.00192,0.3027,0.31138,FALSE,FALSE,FALSE,7rgHSI,0.004355,0.6593,ab42,TRUE,reported,0.00153,5.07e-7,educ,TRUE,reported,K5Q3Oh,2,TRUE,NA
rs2604271,C,T,C,T,0.00867,-9.4e-4,0.148,0.19033,FALSE,FALSE,FALSE,7rgHSI,0.005336,0.8602,ab42,TRUE,reported,0.00183,2.05e-6,educ,TRUE,reported,K5Q3Oh,2,TRUE,NA
rs2607505,G,C,G,C,0.00802,0.002617,0.3248,0.33129,FALSE,TRUE,FALSE,7rgHSI,0.004347,0.5472,ab42,TRUE,reported,0.00151,1.16e-7,educ,TRUE,reported,K5Q3Oh,2,TRUE,NA
rs2612056,T,G,T,G,0.01153,-0.004877,0.8946,0.903126,FALSE,FALSE,FALSE,7rgHSI,0.007017,0.4871,ab42,TRUE,reported,0.00251,4.4e-6,educ,TRUE,reported,K5Q3Oh,2,TRUE,NA
rs2622899,A,G,A,G,0.0073,-0.006351,0.2619,0.29555,FALSE,FALSE,FALSE,7rgHSI,0.004421,0.1509,ab42,TRUE,reported,0.00157,3.21e-6,educ,TRUE,reported,K5Q3Oh,2,TRUE,NA
rs2624881,T,C,T,C,-0.01193,-0.008914,0.92007,0.9064675,FALSE,FALSE,FALSE,7rgHSI,0.006812,0.1907,ab42,TRUE,reported,0.00242,7.99e-7,educ,TRUE,reported,K5Q3Oh,2,TRUE,NA
rs2625391,A,G,A,G,-0.00668,0.004463,0.5663,0.575393,FALSE,FALSE,FALSE,7rgHSI,0.004128,0.2797,ab42,TRUE,reported,0.00141,2.37e-6,educ,TRUE,reported,K5Q3Oh,2,TRUE,NA
rs2636712,T,C,T,C,-0.00832,-0.001799,0.4099,0.402448,FALSE,FALSE,FALSE,7rgHSI,0.00422,0.6699,ab42,TRUE,reported,0.00143,6.34e-9,educ,TRUE,reported,K5Q3Oh,2,TRUE,NA
rs2646775,C,T,C,T,0.00694,0.004332,0.4048,0.43025899999999995,FALSE,FALSE,FALSE,7rgHSI,0.004323,0.3164,ab42,TRUE,reported,0.00142,1.06e-6,educ,TRUE,reported,K5Q3Oh,2,TRUE,NA
rs2657283,T,C,T,C,0.00854,0.004937,0.5714,0.5566059999999999,FALSE,FALSE,FALSE,7rgHSI,0.004145,0.2337,ab42,TRUE,reported,0.00143,2.08e-9,educ,TRUE,reported,K5Q3Oh,2,TRUE,NA
rs2669424,G,C,G,C,-0.00696,-0.001567,0.5578,0.602525,FALSE,TRUE,TRUE,7rgHSI,0.004185,0.7082,ab42,TRUE,reported,0.00142,9.56e-7,educ,TRUE,reported,K5Q3Oh,2,FALSE,NA
rs2669892,T,C,T,C,-0.00916,-0.003845,0.7704,0.781922,FALSE,FALSE,FALSE,7rgHSI,0.005046,0.4462,ab42,TRUE,reported,0.00171,8.58e-8,educ,TRUE,reported,K5Q3Oh,2,TRUE,NA
rs2675247,C,T,C,T,0.00729,0.002123,0.3759,0.424038,FALSE,FALSE,FALSE,7rgHSI,0.004213,0.6144,ab42,TRUE,reported,0.00143,3.34e-7,educ,TRUE,reported,K5Q3Oh,2,TRUE,NA
rs2676507,G,A,G,A,-0.00794,-0.001345,0.6973,0.678134,FALSE,FALSE,FALSE,7rgHSI,0.004485,0.7643,ab42,TRUE,reported,0.0015,1.18e-7,educ,TRUE,reported,K5Q3Oh,2,TRUE,NA
rs2681347,A,C,A,C,-0.00769,-0.001618,0.2789,0.261996,FALSE,FALSE,FALSE,7rgHSI,0.004546,0.7219,ab42,TRUE,reported,0.00159,1.39e-6,educ,TRUE,reported,K5Q3Oh,2,TRUE,NA
rs2689372,T,G,T,G,-0.00919,-0.006929,0.1463,0.14136099999999996,FALSE,FALSE,FALSE,7rgHSI,0.005777,0.2305,ab42,TRUE,reported,0.00201,4.86e-6,educ,TRUE,reported,K5Q3Oh,2,TRUE,NA
rs26955,T,C,T,C,-0.00743,0.001781,0.4388,0.466446,FALSE,FALSE,FALSE,7rgHSI,0.004145,0.6674,ab42,TRUE,reported,0.00141,1.29e-7,educ,TRUE,reported,K5Q3Oh,2,TRUE,NA
rs269636,G,A,G,A,0.00752,0.001888,0.5952,0.602433,FALSE,FALSE,FALSE,7rgHSI,0.004152,0.6493,ab42,TRUE,reported,0.00144,1.62e-7,educ,TRUE,reported,K5Q3Oh,2,TRUE,NA
rs2700297,C,T,C,T,-0.00902,0.009648,0.1446,0.17884199999999995,FALSE,FALSE,FALSE,7rgHSI,0.005199,0.06359,ab42,TRUE,reported,0.00191,2.29e-6,educ,TRUE,reported,K5Q3Oh,2,TRUE,NA
rs2702576,A,G,A,G,-0.009,-0.004625,0.3588,0.387927,FALSE,FALSE,FALSE,7rgHSI,0.004091,0.2584,ab42,TRUE,reported,0.00144,4.41e-10,educ,TRUE,reported,K5Q3Oh,2,TRUE,NA
rs2706762,T,C,T,C,0.00999,-0.01054,0.1514,0.126655,FALSE,FALSE,FALSE,7rgHSI,0.005705,0.06474,ab42,TRUE,reported,0.00201,6.67e-7,educ,TRUE,reported,K5Q3Oh,2,TRUE,NA
rs2718277,C,T,C,T,-0.01421,-0.01161,0.93027,0.0747921,FALSE,FALSE,FALSE,7rgHSI,0.007668,0.13,ab42,TRUE,reported,0.00256,2.99e-8,educ,TRUE,reported,K5Q3Oh,2,TRUE,NA
rs27220,A,G,A,G,-0.01139,-0.002462,0.3554,0.360687,FALSE,FALSE,FALSE,7rgHSI,0.00429,0.5661,ab42,TRUE,reported,0.00146,7.52e-15,educ,TRUE,reported,K5Q3Oh,2,TRUE,NA
rs2725370,T,C,T,C,-0.01408,7.069e-4,0.2891,0.28513999999999995,FALSE,FALSE,FALSE,7rgHSI,0.004425,0.8731,ab42,TRUE,reported,0.00154,4.96e-20,educ,TRUE,reported,K5Q3Oh,2,TRUE,NA
rs2729762,A,G,A,G,-0.00757,0.001005,0.6327,0.651386,FALSE,FALSE,FALSE,7rgHSI,0.004236,0.8125,ab42,TRUE,reported,0.00148,3.03e-7,educ,TRUE,reported,K5Q3Oh,2,TRUE,NA
rs2731034,A,G,A,G,0.00704,-0.002783,0.5884,0.6059289999999999,FALSE,FALSE,FALSE,7rgHSI,0.004172,0.5047,ab42,TRUE,reported,0.00143,8.43e-7,educ,TRUE,reported,K5Q3Oh,2,TRUE,NA
rs2731694,G,A,G,A,0.00681,-0.001327,0.5952,0.671543,FALSE,FALSE,FALSE,7rgHSI,0.00457,0.7715,ab42,TRUE,reported,0.00147,3.68e-6,educ,TRUE,reported,K5Q3Oh,2,TRUE,NA
rs27336,C,A,C,A,-0.00767,-0.003708,0.3265,0.29846,FALSE,FALSE,FALSE,7rgHSI,0.004753,0.4354,ab42,TRUE,reported,0.0015,3.13e-7,educ,TRUE,reported,K5Q3Oh,2,TRUE,NA
rs2736752,T,G,T,G,0.00953,0.001744,0.7874,0.772944,FALSE,FALSE,FALSE,7rgHSI,0.004921,0.723,ab42,TRUE,reported,0.00172,3.24e-8,educ,TRUE,reported,K5Q3Oh,2,TRUE,NA
rs2740795,T,A,T,A,-0.00984,-0.005776,0.2585,0.267,FALSE,TRUE,FALSE,7rgHSI,0.004622,0.2115,ab42,TRUE,reported,0.0016,7.71e-10,educ,TRUE,reported,K5Q3Oh,2,TRUE,NA
rs2744038,A,G,A,G,0.0087,0.001211,0.6497,0.646073,FALSE,FALSE,FALSE,7rgHSI,0.004323,0.7794,ab42,TRUE,reported,0.0015,6.67e-9,educ,TRUE,reported,K5Q3Oh,2,TRUE,NA
rs2763041,A,G,A,G,-0.00736,-0.002802,0.534,0.562565,FALSE,FALSE,FALSE,7rgHSI,0.004128,0.4974,ab42,TRUE,reported,0.00141,1.79e-7,educ,TRUE,reported,K5Q3Oh,2,TRUE,NA
rs2764684,C,T,C,T,-0.01435,0.00405,0.2041,0.152972,FALSE,FALSE,FALSE,7rgHSI,0.005426,0.4555,ab42,TRUE,reported,0.00185,9.99e-15,educ,TRUE,reported,K5Q3Oh,2,TRUE,NA
rs2776927,T,C,T,C,-0.00897,5.507e-4,0.1735,0.165491,FALSE,FALSE,FALSE,7rgHSI,0.005448,0.9195,ab42,TRUE,reported,0.00181,6.94e-7,educ,TRUE,reported,K5Q3Oh,2,TRUE,NA
rs277828,C,A,C,A,0.00843,0.002424,0.7432,0.758978,FALSE,FALSE,FALSE,7rgHSI,0.004613,0.5993,ab42,TRUE,reported,0.00162,1.97e-7,educ,TRUE,reported,K5Q3Oh,2,TRUE,NA
rs2787390,A,G,A,G,0.01137,-0.004558,0.09694,0.0972436,FALSE,FALSE,FALSE,7rgHSI,0.006966,0.513,ab42,TRUE,reported,0.00237,1.63e-6,educ,TRUE,reported,K5Q3Oh,2,TRUE,NA
rs2787746,T,C,T,C,-0.00954,-0.001858,0.1616,0.181675,FALSE,FALSE,FALSE,7rgHSI,0.005412,0.7314,ab42,TRUE,reported,0.0019,4.85e-7,educ,TRUE,reported,K5Q3Oh,2,TRUE,NA
rs2802290,A,G,A,G,0.00786,0.005642,0.5918,0.594657,FALSE,FALSE,FALSE,7rgHSI,0.004204,0.1797,ab42,TRUE,reported,0.00145,5.57e-8,educ,TRUE,reported,K5Q3Oh,2,TRUE,NA
rs2805064,G,C,G,C,-0.00933,0.001032,0.2653,0.268494,FALSE,TRUE,FALSE,7rgHSI,0.004515,0.8191,ab42,TRUE,reported,0.00158,3.54e-9,educ,TRUE,reported,K5Q3Oh,2,TRUE,NA
rs283271,A,G,A,G,-0.00739,0.002319,0.3214,0.342963,FALSE,FALSE,FALSE,7rgHSI,0.004403,0.5984,ab42,TRUE,reported,0.00151,9.29e-7,educ,TRUE,reported,K5Q3Oh,2,TRUE,NA
rs2833504,T,C,T,C,0.00673,-6.542e-4,0.5136,0.583523,FALSE,FALSE,FALSE,7rgHSI,0.004195,0.8761,ab42,TRUE,reported,0.00142,2.07e-6,educ,TRUE,reported,K5Q3Oh,2,TRUE,NA
rs2834287,A,G,A,G,-0.00861,0.002168,0.835,0.83862,FALSE,FALSE,FALSE,7rgHSI,0.005641,0.7007,ab42,TRUE,reported,0.00183,2.42e-6,educ,TRUE,reported,K5Q3Oh,2,TRUE,NA
rs2836213,G,A,G,A,-0.00765,0.006393,0.5357,0.531937,FALSE,FALSE,FALSE,7rgHSI,0.003985,0.1088,ab42,TRUE,reported,0.00142,6.95e-8,educ,TRUE,reported,K5Q3Oh,2,TRUE,NA
rs2838006,C,T,C,T,-0.01323,1.708e-4,0.6378,0.637835,FALSE,FALSE,FALSE,7rgHSI,0.004224,0.9677,ab42,TRUE,reported,0.00146,1.38e-19,educ,TRUE,reported,K5Q3Oh,2,TRUE,NA
rs28482086,G,A,G,A,-0.00863,-0.00175,0.6718,0.630197,FALSE,FALSE,FALSE,7rgHSI,0.004107,0.6701,ab42,TRUE,reported,0.00147,4.51e-9,educ,TRUE,reported,K5Q3Oh,2,TRUE,NA
rs28505285,G,C,G,C,-0.0106,0.002886,0.8248,0.8395440000000001,FALSE,TRUE,FALSE,7rgHSI,0.005704,0.6129,ab42,TRUE,reported,0.00179,3.5e-9,educ,TRUE,reported,K5Q3Oh,2,TRUE,NA
rs28512462,G,C,G,C,-0.0112,0.00349,0.631,0.602525,FALSE,TRUE,FALSE,7rgHSI,0.004133,0.3985,ab42,TRUE,reported,0.00145,9.77e-15,educ,TRUE,reported,K5Q3Oh,2,TRUE,NA
rs28513882,G,A,G,A,0.01098,0.01016,0.8112,0.8224210000000001,FALSE,FALSE,FALSE,7rgHSI,0.005489,0.06422,ab42,TRUE,reported,0.00183,2.03e-9,educ,TRUE,reported,K5Q3Oh,2,TRUE,NA
rs2852106,G,A,G,A,0.00892,-7.297e-4,0.2891,0.251663,FALSE,FALSE,FALSE,7rgHSI,0.004824,0.8798,ab42,TRUE,reported,0.00164,5.06e-8,educ,TRUE,reported,K5Q3Oh,2,TRUE,NA
rs2852349,T,C,T,C,-0.00929,0.00376,0.5238,0.53591,FALSE,FALSE,FALSE,7rgHSI,0.004047,0.353,ab42,TRUE,reported,0.0014,3.78e-11,educ,TRUE,reported,K5Q3Oh,2,TRUE,NA
rs28587776,T,C,T,C,0.00878,-0.007085,0.3861,0.335263,FALSE,FALSE,FALSE,7rgHSI,0.004271,0.09726,ab42,TRUE,reported,0.00147,2.55e-9,educ,TRUE,reported,K5Q3Oh,2,TRUE,NA
rs28627593,C,A,C,A,-0.00798,-2.403e-4,0.7432,0.714167,FALSE,FALSE,FALSE,7rgHSI,0.004631,0.9586,ab42,TRUE,reported,0.00159,5.46e-7,educ,TRUE,reported,K5Q3Oh,2,TRUE,NA
rs28644496,A,G,A,G,-0.01059,0.001207,0.8724,0.852017,FALSE,FALSE,FALSE,7rgHSI,0.005577,0.8287,ab42,TRUE,reported,0.00202,1.68e-7,educ,TRUE,reported,K5Q3Oh,2,TRUE,NA
rs28669886,A,G,A,G,-0.00844,-0.005673,0.3486,0.33822,FALSE,FALSE,FALSE,7rgHSI,0.004263,0.1834,ab42,TRUE,reported,0.00147,8.31e-9,educ,TRUE,reported,K5Q3Oh,2,TRUE,NA
rs2867566,A,G,A,G,-0.00834,0.01052,0.3248,0.281229,FALSE,FALSE,FALSE,7rgHSI,0.004602,0.02236,ab42,TRUE,reported,0.00154,5.99e-8,educ,TRUE,reported,K5Q3Oh,2,TRUE,NA
rs2870281,C,A,C,A,0.00829,0.001993,0.5102,0.5310440000000001,FALSE,FALSE,FALSE,7rgHSI,0.004156,0.6316,ab42,TRUE,reported,0.00141,4.35e-9,educ,TRUE,reported,K5Q3Oh,2,TRUE,NA
rs28737193,T,C,T,C,0.009,-0.002506,0.2024,0.190853,FALSE,FALSE,FALSE,7rgHSI,0.004959,0.6134,ab42,TRUE,reported,0.00173,1.94e-7,educ,TRUE,reported,K5Q3Oh,2,TRUE,NA
rs2874270,G,A,G,A,-0.00784,0.007819,0.2687,0.291962,FALSE,FALSE,FALSE,7rgHSI,0.004523,0.08399,ab42,TRUE,reported,0.00155,4.43e-7,educ,TRUE,reported,K5Q3Oh,2,TRUE,NA
rs28809788,A,G,A,G,-0.00708,0.004479,0.4745,0.478873,FALSE,FALSE,FALSE,7rgHSI,0.003977,0.2602,ab42,TRUE,reported,0.00141,4.78e-7,educ,TRUE,reported,K5Q3Oh,2,TRUE,NA
rs2885198,A,G,A,G,0.00876,-0.004288,0.4983,0.534478,FALSE,FALSE,FALSE,7rgHSI,0.004302,0.319,ab42,TRUE,reported,0.00141,4.63e-10,educ,TRUE,reported,K5Q3Oh,2,TRUE,NA
rs28862724,A,C,A,C,0.00926,0.003944,0.6497,0.633031,FALSE,FALSE,FALSE,7rgHSI,0.004179,0.3454,ab42,TRUE,reported,0.00198,2.9e-6,educ,TRUE,reported,K5Q3Oh,2,TRUE,NA
rs2898191,A,C,A,C,0.00928,7.999e-4,0.6922,0.6984600000000001,FALSE,FALSE,FALSE,7rgHSI,0.00438,0.8551,ab42,TRUE,reported,0.00154,1.88e-9,educ,TRUE,reported,K5Q3Oh,2,TRUE,NA
rs2899355,C,T,C,T,-0.00702,-0.004461,0.4269,0.410887,FALSE,FALSE,FALSE,7rgHSI,0.004168,0.2846,ab42,TRUE,reported,0.00142,7.29e-7,educ,TRUE,reported,K5Q3Oh,2,TRUE,NA
rs2903624,A,G,A,G,-0.0074400000000000004,0.002342,0.4966,0.468217,FALSE,FALSE,FALSE,7rgHSI,0.004053,0.5634,ab42,TRUE,reported,0.00142,1.59e-7,educ,TRUE,reported,K5Q3Oh,2,TRUE,NA
rs2916490,A,G,A,G,-0.00917,-0.004759,0.2908,0.304697,FALSE,FALSE,FALSE,7rgHSI,0.004498,0.2901,ab42,TRUE,reported,0.00153,1.92e-9,educ,TRUE,reported,K5Q3Oh,2,TRUE,NA
rs2923424,G,A,G,A,-0.01203,0.001767,0.3741,0.391377,FALSE,FALSE,FALSE,7rgHSI,0.004159,0.671,ab42,TRUE,reported,0.00144,6.31e-17,educ,TRUE,reported,K5Q3Oh,2,TRUE,NA
rs2926702,C,T,C,T,0.01236,-0.0024,0.1412,0.133123,FALSE,FALSE,FALSE,7rgHSI,0.006159,0.6968,ab42,TRUE,reported,0.00211,4.91e-9,educ,TRUE,reported,K5Q3Oh,2,TRUE,NA
rs2929032,A,G,A,G,-0.0081,-0.003094,0.4694,0.481013,FALSE,FALSE,FALSE,7rgHSI,0.004086,0.449,ab42,TRUE,reported,0.00141,8.4e-9,educ,TRUE,reported,K5Q3Oh,2,TRUE,NA
rs2929860,T,C,T,C,0.01102,-0.006044,0.1939,0.172713,FALSE,FALSE,FALSE,7rgHSI,0.005465,0.2688,ab42,TRUE,reported,0.00182,1.33e-9,educ,TRUE,reported,K5Q3Oh,2,TRUE,NA
rs293021,A,G,A,G,-0.0077,0.001181,0.6139,0.590052,FALSE,FALSE,FALSE,7rgHSI,0.004107,0.7737,ab42,TRUE,reported,0.00142,6.06e-8,educ,TRUE,reported,K5Q3Oh,2,TRUE,NA
rs2935545,A,G,A,G,0.00718,-0.006964,0.3282,0.316076,FALSE,FALSE,FALSE,7rgHSI,0.004458,0.1183,ab42,TRUE,reported,0.00153,2.63e-6,educ,TRUE,reported,K5Q3Oh,2,TRUE,NA
rs2935790,G,C,G,C,-0.00706,-0.00908,0.301,0.311488,FALSE,TRUE,FALSE,7rgHSI,0.00455,0.04607,ab42,TRUE,reported,0.0015,2.38e-6,educ,TRUE,reported,K5Q3Oh,2,TRUE,NA
rs2935969,G,A,G,A,-0.0077,-0.003058,0.2313,0.252187,FALSE,FALSE,FALSE,7rgHSI,0.004743,0.5191,ab42,TRUE,reported,0.00163,2.48e-6,educ,TRUE,reported,K5Q3Oh,2,TRUE,NA
rs2940636,A,T,A,T,-0.00711,0.001718,0.2874,0.313335,FALSE,TRUE,FALSE,7rgHSI,0.004364,0.6939,ab42,TRUE,reported,0.00152,2.8e-6,educ,TRUE,reported,K5Q3Oh,2,TRUE,NA
rs2942884,A,G,A,G,-0.00895,4.62e-4,0.4252,0.471605,FALSE,FALSE,FALSE,7rgHSI,0.004082,0.9099,ab42,TRUE,reported,0.00141,2.27e-10,educ,TRUE,reported,K5Q3Oh,2,TRUE,NA
rs2948063,C,T,C,T,-0.00948,-6.98e-4,0.8827,0.856622,FALSE,FALSE,FALSE,7rgHSI,0.005653,0.9017,ab42,TRUE,reported,0.00204,3.41e-6,educ,TRUE,reported,K5Q3Oh,2,TRUE,NA
rs2958182,A,T,A,T,0.00816,-0.005367,0.318,0.33424699999999996,FALSE,TRUE,FALSE,7rgHSI,0.004441,0.227,ab42,TRUE,reported,0.00148,3.46e-8,educ,TRUE,reported,K5Q3Oh,2,TRUE,NA
rs2962378,G,A,G,A,-0.01006,-0.002119,0.1854,0.23338499999999995,FALSE,FALSE,FALSE,7rgHSI,0.004884,0.6643,ab42,TRUE,reported,0.00171,4.3e-9,educ,TRUE,reported,K5Q3Oh,2,TRUE,NA
rs2964199,T,C,T,C,-0.00994,-0.003141,0.284,0.29833699999999996,FALSE,FALSE,FALSE,7rgHSI,0.004393,0.4747,ab42,TRUE,reported,0.00151,4.61e-11,educ,TRUE,reported,K5Q3Oh,2,TRUE,NA
rs2964255,G,A,G,A,-0.00884,0.007307,0.6837,0.694087,FALSE,FALSE,FALSE,7rgHSI,0.004456,0.1011,ab42,TRUE,reported,0.00152,6.34e-9,educ,TRUE,reported,K5Q3Oh,2,TRUE,NA
rs2971153,A,G,A,G,-0.00687,0.002193,0.6139,0.61506,FALSE,FALSE,FALSE,7rgHSI,0.004101,0.5928,ab42,TRUE,reported,0.00144,1.69e-6,educ,TRUE,reported,K5Q3Oh,2,TRUE,NA
rs2976397,G,T,G,T,-0.00805,-6.601e-4,0.5816,0.588559,FALSE,FALSE,FALSE,7rgHSI,0.004133,0.8731,ab42,TRUE,reported,0.00142,1.3e-8,educ,TRUE,reported,K5Q3Oh,2,TRUE,NA
rs2977464,T,C,T,C,0.0102,-2.284e-4,0.1684,0.192393,FALSE,FALSE,FALSE,7rgHSI,0.00532,0.9658,ab42,TRUE,reported,0.0018,1.46e-8,educ,TRUE,reported,K5Q3Oh,2,TRUE,NA
rs2977833,T,C,T,C,-0.00963,-0.003747,0.5204,0.47258999999999995,FALSE,FALSE,FALSE,7rgHSI,0.004038,0.3535,ab42,TRUE,reported,0.00192,5.14e-7,educ,TRUE,reported,K5Q3Oh,2,TRUE,NA
rs29792,A,T,A,T,-0.00931,0.00216,0.3044,0.306021,FALSE,TRUE,FALSE,7rgHSI,0.004475,0.6294,ab42,TRUE,reported,0.00153,1.06e-9,educ,TRUE,reported,K5Q3Oh,2,TRUE,NA
rs2980813,T,A,T,A,-0.00878,9.692e-4,0.5323,0.527933,FALSE,TRUE,TRUE,7rgHSI,0.004264,0.8202,ab42,TRUE,reported,0.00141,4.28e-10,educ,TRUE,reported,K5Q3Oh,2,FALSE,NA
rs2986016,A,G,A,G,-0.00882,-0.00361,0.2313,0.23906700000000003,FALSE,FALSE,FALSE,7rgHSI,0.004817,0.4537,ab42,TRUE,reported,0.00162,5.03e-8,educ,TRUE,reported,K5Q3Oh,2,TRUE,NA
rs2988085,C,T,C,T,-0.00753,-0.005388,0.7738,0.759178,FALSE,FALSE,FALSE,7rgHSI,0.004663,0.248,ab42,TRUE,reported,0.00164,4.46e-6,educ,TRUE,reported,K5Q3Oh,2,TRUE,NA
rs2989476,C,G,C,G,0.00782,-0.001922,0.4082,0.424192,FALSE,TRUE,TRUE,7rgHSI,0.004087,0.6382,ab42,TRUE,reported,0.00142,3.73e-8,educ,TRUE,reported,K5Q3Oh,2,FALSE,NA
rs2989751,A,G,A,G,-0.00921,-3.124e-4,0.1837,0.26546000000000003,FALSE,FALSE,FALSE,7rgHSI,0.004591,0.9458,ab42,TRUE,reported,0.00166,2.89e-8,educ,TRUE,reported,K5Q3Oh,2,TRUE,NA
rs2990547,C,T,C,T,0.00705,0.006329,0.5459,0.57701,FALSE,FALSE,FALSE,7rgHSI,0.004121,0.1247,ab42,TRUE,reported,0.00141,5.93e-7,educ,TRUE,reported,K5Q3Oh,2,TRUE,NA
rs299525,C,A,C,A,-0.00772,-0.001321,0.7092,0.731937,FALSE,FALSE,FALSE,7rgHSI,0.004632,0.7755,ab42,TRUE,reported,0.00158,1.09e-6,educ,TRUE,reported,K5Q3Oh,2,TRUE,NA
rs2998299,G,T,G,T,0.01364,0.009707,0.801,0.776532,FALSE,FALSE,FALSE,7rgHSI,0.004907,0.04801,ab42,TRUE,reported,0.00171,1.51e-15,educ,TRUE,reported,K5Q3Oh,2,TRUE,NA
rs3026996,A,C,A,C,0.01378,0.003786,0.716,0.744811,FALSE,FALSE,FALSE,7rgHSI,0.004741,0.4245,ab42,TRUE,reported,0.00164,5.42e-17,educ,TRUE,reported,K5Q3Oh,2,TRUE,NA
rs305191,T,C,T,C,0.00771,3.756e-4,0.2908,0.26871,FALSE,FALSE,FALSE,7rgHSI,0.004635,0.9354,ab42,TRUE,reported,0.00158,1e-6,educ,TRUE,reported,K5Q3Oh,2,TRUE,NA
rs307913,A,G,A,G,0.00945,0.001325,0.8503,0.855667,FALSE,FALSE,FALSE,7rgHSI,0.005704,0.8163,ab42,TRUE,reported,0.00201,2.44e-6,educ,TRUE,reported,K5Q3Oh,2,TRUE,NA
rs3093361,C,T,C,T,-0.01288,-0.007753,0.059520000000000003,0.076717,FALSE,FALSE,FALSE,7rgHSI,0.007837,0.3226,ab42,TRUE,reported,0.00259,6.64e-7,educ,TRUE,reported,K5Q3Oh,2,TRUE,NA
rs3098527,C,T,C,T,-0.00701,0.002251,0.4524,0.470465,FALSE,FALSE,FALSE,7rgHSI,0.004228,0.5945,ab42,TRUE,reported,0.0014,5.96e-7,educ,TRUE,reported,K5Q3Oh,2,TRUE,NA
rs3103307,T,A,T,A,0.0075,-0.004014,0.4422,0.40462,FALSE,TRUE,TRUE,7rgHSI,0.004326,0.3535,ab42,TRUE,reported,0.00144,2.04e-7,educ,TRUE,reported,K5Q3Oh,2,FALSE,NA
rs3104222,T,C,T,C,-0.00812,0.007632,0.2534,0.275069,FALSE,FALSE,FALSE,7rgHSI,0.004734,0.107,ab42,TRUE,reported,0.00164,7.65e-7,educ,TRUE,reported,K5Q3Oh,2,TRUE,NA
rs3106836,A,G,A,G,-0.00757,0.004125,0.369,0.38376999999999994,FALSE,FALSE,FALSE,7rgHSI,0.004204,0.3265,ab42,TRUE,reported,0.00144,1.35e-7,educ,TRUE,reported,K5Q3Oh,2,TRUE,NA
rs3111251,C,T,C,T,0.00901,-0.001007,0.5697,0.5619190000000001,FALSE,FALSE,FALSE,7rgHSI,0.004217,0.8112,ab42,TRUE,reported,0.00144,3.88e-10,educ,TRUE,reported,K5Q3Oh,2,TRUE,NA
rs312927,G,A,G,A,0.01473,0.00512,0.8878,0.885525,FALSE,FALSE,FALSE,7rgHSI,0.006473,0.429,ab42,TRUE,reported,0.00221,2.52e-11,educ,TRUE,reported,K5Q3Oh,2,TRUE,NA
rs312945,A,G,A,G,-0.0091,-0.005546,0.318,0.305559,FALSE,FALSE,FALSE,7rgHSI,0.004399,0.2075,ab42,TRUE,reported,0.00152,2.34e-9,educ,TRUE,reported,K5Q3Oh,2,TRUE,NA
rs314473,A,T,A,T,-0.00947,0.008909,0.1548,0.16308900000000004,FALSE,TRUE,FALSE,7rgHSI,0.005312,0.09359,ab42,TRUE,reported,0.0018600000000000001,3.3e-7,educ,TRUE,reported,K5Q3Oh,2,TRUE,NA
rs314478,G,C,G,C,-0.00791,-0.005166,0.3367,0.335402,FALSE,TRUE,FALSE,7rgHSI,0.004513,0.2524,ab42,TRUE,reported,0.00149,1.04e-7,educ,TRUE,reported,K5Q3Oh,2,TRUE,NA
rs317050,C,T,C,T,-0.00782,0.00928,0.466,0.491592,FALSE,FALSE,FALSE,7rgHSI,0.004054,0.02213,ab42,TRUE,reported,0.0014,2.5e-8,educ,TRUE,reported,K5Q3Oh,2,TRUE,NA
rs318518,C,T,C,T,0.00678,-0.001704,0.5357,0.526178,FALSE,FALSE,FALSE,7rgHSI,0.004001,0.6702,ab42,TRUE,reported,0.0014,1.38e-6,educ,TRUE,reported,K5Q3Oh,2,TRUE,NA
rs321550,A,G,A,G,0.00726,-8.744e-5,0.631,0.6135360000000001,FALSE,FALSE,FALSE,7rgHSI,0.004145,0.9832,ab42,TRUE,reported,0.00145,5.14e-7,educ,TRUE,reported,K5Q3Oh,2,TRUE,NA
rs322614,A,G,A,G,-0.00874,-0.002213,0.3384,0.378395,FALSE,FALSE,FALSE,7rgHSI,0.004178,0.5963,ab42,TRUE,reported,0.00144,1.43e-9,educ,TRUE,reported,K5Q3Oh,2,TRUE,NA
rs322744,T,C,T,C,-0.00901,-0.002359,0.2534,0.285417,FALSE,FALSE,FALSE,7rgHSI,0.004622,0.6098,ab42,TRUE,reported,0.00161,2.04e-8,educ,TRUE,reported,K5Q3Oh,2,TRUE,NA
rs324438,G,A,G,A,0.00763,0.005888,0.7228,0.738112,FALSE,FALSE,FALSE,7rgHSI,0.004715,0.2118,ab42,TRUE,reported,0.00159,1.7e-6,educ,TRUE,reported,K5Q3Oh,2,TRUE,NA
rs32940,T,C,T,C,-0.0096,-0.004352,0.3197,0.29063700000000003,FALSE,FALSE,FALSE,7rgHSI,0.004556,0.3395,ab42,TRUE,reported,0.00153,3.72e-10,educ,TRUE,reported,K5Q3Oh,2,TRUE,NA
rs332649,G,A,G,A,-0.00673,0.0014,0.4252,0.42756400000000006,FALSE,FALSE,FALSE,7rgHSI,0.004082,0.7317,ab42,TRUE,reported,0.00143,2.4e-6,educ,TRUE,reported,K5Q3Oh,2,TRUE,NA
rs334110,G,A,G,A,-0.0068,-0.001331,0.5816,0.619403,FALSE,FALSE,FALSE,7rgHSI,0.004286,0.7562,ab42,TRUE,reported,0.00144,2.21e-6,educ,TRUE,reported,K5Q3Oh,2,TRUE,NA
rs336420,T,C,T,C,-0.0068,-0.002803,0.6088,0.636464,FALSE,FALSE,FALSE,7rgHSI,0.004399,0.524,ab42,TRUE,reported,0.00145,2.61e-6,educ,TRUE,reported,K5Q3Oh,2,TRUE,NA
rs338119,T,C,T,C,0.00692,0.003451,0.6378,0.57761,FALSE,FALSE,FALSE,7rgHSI,0.004061,0.3955,ab42,TRUE,reported,0.00143,1.22e-6,educ,TRUE,reported,K5Q3Oh,2,TRUE,NA
rs339057,A,G,A,G,-0.0081,-0.003325,0.3759,0.43840500000000004,FALSE,FALSE,FALSE,7rgHSI,0.004129,0.4206,ab42,TRUE,reported,0.00142,1.26e-8,educ,TRUE,reported,K5Q3Oh,2,TRUE,NA
rs34067381,G,T,G,T,0.01041,-0.003047,0.6037,0.578565,FALSE,FALSE,FALSE,7rgHSI,0.004209,0.4692,ab42,TRUE,reported,0.00146,9.77e-13,educ,TRUE,reported,K5Q3Oh,2,TRUE,NA
rs34074136,T,C,T,C,0.00783,-0.002171,0.7993,0.7971820000000001,FALSE,FALSE,FALSE,7rgHSI,0.004979,0.6629,ab42,TRUE,reported,0.00169,3.63e-6,educ,TRUE,reported,K5Q3Oh,2,TRUE,NA
rs34078873,G,A,G,A,0.00728,6.713e-4,0.4694,0.424638,FALSE,FALSE,FALSE,7rgHSI,0.004269,0.875,ab42,TRUE,reported,0.00141,2.26e-7,educ,TRUE,reported,K5Q3Oh,2,TRUE,NA
rs34098770,A,G,A,G,-0.01597,0.004524,0.1956,0.165337,FALSE,FALSE,FALSE,7rgHSI,0.005747,0.4313,ab42,TRUE,reported,0.00195,2.95e-16,educ,TRUE,reported,K5Q3Oh,2,TRUE,NA
rs34113301,T,C,T,C,0.00772,-8.216e-4,0.733,0.751694,FALSE,FALSE,FALSE,7rgHSI,0.004955,0.8683,ab42,TRUE,reported,0.00162,1.83e-6,educ,TRUE,reported,K5Q3Oh,2,TRUE,NA
rs34137944,C,G,C,G,-0.00999,-0.005003,0.1173,0.147937,FALSE,TRUE,FALSE,7rgHSI,0.005817,0.3898,ab42,TRUE,reported,0.00197,3.69e-7,educ,TRUE,reported,K5Q3Oh,2,TRUE,NA
rs341504,T,A,T,A,-0.00994,0.001759,0.648,0.622205,FALSE,TRUE,FALSE,7rgHSI,0.004203,0.6756,ab42,TRUE,reported,0.00148,2.22e-11,educ,TRUE,reported,K5Q3Oh,2,TRUE,NA
rs34190234,A,C,A,C,-0.00711,-0.003554,0.5867,0.55385,FALSE,FALSE,FALSE,7rgHSI,0.004048,0.38,ab42,TRUE,reported,0.00143,6.58e-7,educ,TRUE,reported,K5Q3Oh,2,TRUE,NA
rs34257140,G,T,G,T,-0.00727,-0.002855,0.483,0.49927600000000005,FALSE,FALSE,FALSE,7rgHSI,0.004182,0.4949,ab42,TRUE,reported,0.0014,2.15e-7,educ,TRUE,reported,K5Q3Oh,2,TRUE,NA
rs34286836,C,T,C,T,0.00885,3.177e-4,0.5425,0.565476,FALSE,FALSE,FALSE,7rgHSI,0.004071,0.9378,ab42,TRUE,reported,0.00141,3.44e-10,educ,TRUE,reported,K5Q3Oh,2,TRUE,NA
rs34298584,A,G,A,G,0.01105,-0.003632,0.1667,0.170311,FALSE,FALSE,FALSE,7rgHSI,0.005627,0.5186,ab42,TRUE,reported,0.00187,3.67e-9,educ,TRUE,reported,K5Q3Oh,2,TRUE,NA
rs34309,G,A,G,A,-0.00801,-0.004013,0.6327,0.62219,FALSE,FALSE,FALSE,7rgHSI,0.004237,0.3437,ab42,TRUE,reported,0.00144,2.94e-8,educ,TRUE,reported,K5Q3Oh,2,TRUE,NA
rs34316274,G,A,G,A,-0.00973,0.004074,0.2517,0.238805,FALSE,FALSE,FALSE,7rgHSI,0.004634,0.3794,ab42,TRUE,reported,0.00165,3.86e-9,educ,TRUE,reported,K5Q3Oh,2,TRUE,NA
rs34347396,A,G,A,G,0.0067,-0.004003,0.4099,0.396612,FALSE,FALSE,FALSE,7rgHSI,0.004092,0.328,ab42,TRUE,reported,0.00142,2.62e-6,educ,TRUE,reported,K5Q3Oh,2,TRUE,NA
rs34363861,A,G,A,G,0.00867,0.008372,0.5187,0.516277,FALSE,FALSE,FALSE,7rgHSI,0.004043,0.03844,ab42,TRUE,reported,0.00141,8.69e-10,educ,TRUE,reported,K5Q3Oh,2,TRUE,NA
rs34394051,G,A,G,A,0.0117,-0.001093,0.1599,0.1585,FALSE,FALSE,FALSE,7rgHSI,0.005441,0.8408,ab42,TRUE,reported,0.00196,2.3e-9,educ,TRUE,reported,K5Q3Oh,2,TRUE,NA
rs34410,G,C,G,C,0.00829,0.002785,0.5051,0.546966,FALSE,TRUE,TRUE,7rgHSI,0.004013,0.4877,ab42,TRUE,reported,0.00141,3.86e-9,educ,TRUE,reported,K5Q3Oh,2,FALSE,NA
rs344687,G,T,G,T,-0.00896,-0.006754,0.216,0.23628,FALSE,FALSE,FALSE,7rgHSI,0.004764,0.1564,ab42,TRUE,reported,0.00167,8.58e-8,educ,TRUE,reported,K5Q3Oh,2,TRUE,NA
rs34548,T,C,T,C,0.0096,-2.142e-4,0.1582,0.128565,FALSE,FALSE,FALSE,7rgHSI,0.006066,0.9718,ab42,TRUE,reported,0.00208,4.06e-6,educ,TRUE,reported,K5Q3Oh,2,TRUE,NA
rs34559433,G,A,G,A,0.00937,0.004091,0.6752,0.6881740000000001,FALSE,FALSE,FALSE,7rgHSI,0.004369,0.3492,ab42,TRUE,reported,0.00205,4.71e-6,educ,TRUE,reported,K5Q3Oh,2,TRUE,NA
rs34604401,G,C,G,C,0.00762,-0.001754,0.432,0.446089,FALSE,TRUE,TRUE,7rgHSI,0.004256,0.6802,ab42,TRUE,reported,0.00141,6.39e-8,educ,TRUE,reported,K5Q3Oh,2,FALSE,NA
rs34616566,T,C,T,C,-0.00726,4.415e-4,0.5884,0.610625,FALSE,FALSE,FALSE,7rgHSI,0.004141,0.9151,ab42,TRUE,reported,0.00144,4.2e-7,educ,TRUE,reported,K5Q3Oh,2,TRUE,NA
rs34636594,G,A,G,A,0.01013,0.002834,0.2976,0.27684,FALSE,FALSE,FALSE,7rgHSI,0.004573,0.5355,ab42,TRUE,reported,0.00157,1.12e-10,educ,TRUE,reported,K5Q3Oh,2,TRUE,NA
rs34658943,T,C,T,C,-0.00701,0.003992,0.5459,0.576717,FALSE,FALSE,FALSE,7rgHSI,0.004156,0.3369,ab42,TRUE,reported,0.00141,7.25e-7,educ,TRUE,reported,K5Q3Oh,2,TRUE,NA
rs34659950,T,C,T,C,0.01067,-0.003278,0.1463,0.164028,FALSE,FALSE,FALSE,7rgHSI,0.005717,0.5664,ab42,TRUE,reported,0.00201,1.17e-7,educ,TRUE,reported,K5Q3Oh,2,TRUE,NA
rs34683829,C,T,C,T,0.00931,0.008502,0.8418,0.840853,FALSE,FALSE,FALSE,7rgHSI,0.006158,0.1676,ab42,TRUE,reported,0.00192,1.31e-6,educ,TRUE,reported,K5Q3Oh,2,TRUE,NA
rs34720381,C,T,C,T,0.01796,-6.28e-4,0.90646,0.9168617,FALSE,FALSE,FALSE,7rgHSI,0.007529,0.9335,ab42,TRUE,reported,0.00244,1.9e-13,educ,TRUE,reported,K5Q3Oh,2,TRUE,NA
rs347661,T,C,T,C,-0.00805,1.974e-4,0.4405,0.429304,FALSE,FALSE,FALSE,7rgHSI,0.004311,0.9635,ab42,TRUE,reported,0.00142,1.58e-8,educ,TRUE,reported,K5Q3Oh,2,TRUE,NA
rs34780702,A,G,A,G,0.01106,-0.00202,0.7517,0.752587,FALSE,FALSE,FALSE,7rgHSI,0.004868,0.6782,ab42,TRUE,reported,0.00165,2.05e-11,educ,TRUE,reported,K5Q3Oh,2,TRUE,NA
rs34795510,T,C,T,C,0.03365,-0.02569,0.03571,0.036218,FALSE,FALSE,FALSE,7rgHSI,0.01135,0.02372,ab42,TRUE,reported,0.0036,8.55e-21,educ,TRUE,reported,K5Q3Oh,2,TRUE,NA
rs34807077,C,A,C,A,-0.01281,-0.001491,0.8282,0.839837,FALSE,FALSE,FALSE,7rgHSI,0.005502,0.7864,ab42,TRUE,reported,0.00193,3.29e-11,educ,TRUE,reported,K5Q3Oh,2,TRUE,NA
rs34808696,T,C,T,C,-0.00796,-8.178e-4,0.7602,0.784432,FALSE,FALSE,FALSE,7rgHSI,0.004952,0.8688,ab42,TRUE,reported,0.00165,1.46e-6,educ,TRUE,reported,K5Q3Oh,2,TRUE,NA
rs34921066,G,A,G,A,0.00664,-0.004498,0.4694,0.5208809999999999,FALSE,FALSE,FALSE,7rgHSI,0.004,0.2609,ab42,TRUE,reported,0.0014,2.21e-6,educ,TRUE,reported,K5Q3Oh,2,TRUE,NA
rs34967082,G,A,G,A,0.00802,-0.003726,0.6037,0.607977,FALSE,FALSE,FALSE,7rgHSI,0.004431,0.4005,ab42,TRUE,reported,0.00142,1.77e-8,educ,TRUE,reported,K5Q3Oh,2,TRUE,NA
rs34985488,G,A,G,A,0.01346,0.004866,0.09864,0.0899908,FALSE,FALSE,FALSE,7rgHSI,0.007099,0.4931,ab42,TRUE,reported,0.00266,4.22e-7,educ,TRUE,reported,K5Q3Oh,2,TRUE,NA
rs35016816,C,T,C,T,-0.01763,-0.0019,0.08333,0.104019,FALSE,FALSE,FALSE,7rgHSI,0.006632,0.7745,ab42,TRUE,reported,0.00233,3.56e-14,educ,TRUE,reported,K5Q3Oh,2,TRUE,NA
rs35070258,C,T,C,T,-0.00795,-0.001097,0.7551,0.759316,FALSE,FALSE,FALSE,7rgHSI,0.004732,0.8166,ab42,TRUE,reported,0.00165,1.43e-6,educ,TRUE,reported,K5Q3Oh,2,TRUE,NA
rs35104491,A,G,A,G,0.01239,-0.007232,0.233,0.187465,FALSE,FALSE,FALSE,7rgHSI,0.005207,0.1649,ab42,TRUE,reported,0.00181,6.81e-12,educ,TRUE,reported,K5Q3Oh,2,TRUE,NA
rs35111506,C,G,C,G,-0.01751,-0.008189,0.94728,0.9455959,FALSE,TRUE,FALSE,7rgHSI,0.009096,0.368,ab42,TRUE,reported,0.00303,7.9e-9,educ,TRUE,reported,K5Q3Oh,2,TRUE,NA
rs35177116,C,T,C,T,0.00725,6.06e-4,0.7551,0.730028,FALSE,FALSE,FALSE,7rgHSI,0.004532,0.8936,ab42,TRUE,reported,0.00157,3.84e-6,educ,TRUE,reported,K5Q3Oh,2,TRUE,NA
rs351880,T,C,T,C,-0.00959,8.875e-4,0.2126,0.198845,FALSE,FALSE,FALSE,7rgHSI,0.005283,0.8666,ab42,TRUE,reported,0.0018,9.38e-8,educ,TRUE,reported,K5Q3Oh,2,TRUE,NA
rs35192107,T,G,T,G,-0.00914,0.003595,0.8095,0.756868,FALSE,FALSE,FALSE,7rgHSI,0.00482,0.4558,ab42,TRUE,reported,0.00166,3.77e-8,educ,TRUE,reported,K5Q3Oh,2,TRUE,NA
rs35209749,G,A,G,A,-0.01494,0.006834,0.03741,0.0440407,FALSE,FALSE,FALSE,7rgHSI,0.0102,0.5028,ab42,TRUE,reported,0.00316,2.3e-6,educ,TRUE,reported,K5Q3Oh,2,TRUE,NA
rs35311202,A,G,A,G,0.00742,-4.448e-5,0.6514,0.6495230000000001,FALSE,FALSE,FALSE,7rgHSI,0.004392,0.9919,ab42,TRUE,reported,0.00148,5.76e-7,educ,TRUE,reported,K5Q3Oh,2,TRUE,NA
rs35319653,T,C,T,C,0.01189,-0.002674,0.3146,0.326178,FALSE,FALSE,FALSE,7rgHSI,0.004328,0.5368,ab42,TRUE,reported,0.00148,8.01e-16,educ,TRUE,reported,K5Q3Oh,2,TRUE,NA
rs35401683,A,G,A,G,-0.00841,0.008489,0.8095,0.80867,FALSE,FALSE,FALSE,7rgHSI,0.005515,0.1239,ab42,TRUE,reported,0.00184,4.65e-6,educ,TRUE,reported,K5Q3Oh,2,TRUE,NA
rs35411382,C,T,C,T,0.00816,-0.001143,0.7585,0.778241,FALSE,FALSE,FALSE,7rgHSI,0.004918,0.8162,ab42,TRUE,reported,0.00174,2.83e-6,educ,TRUE,reported,K5Q3Oh,2,TRUE,NA
rs35417702,C,T,C,T,0.01521,0.001374,0.4235,0.473098,FALSE,FALSE,FALSE,7rgHSI,0.004117,0.7386,ab42,TRUE,reported,0.0014,2.4e-27,educ,TRUE,reported,K5Q3Oh,2,TRUE,NA
rs35493937,G,C,G,C,-0.01241,0.01047,0.7789,0.766939,FALSE,TRUE,FALSE,7rgHSI,0.004705,0.02622,ab42,TRUE,reported,0.00167,9.73e-14,educ,TRUE,reported,K5Q3Oh,2,TRUE,NA
rs35550545,G,A,G,A,0.01211,-0.005354,0.8997,0.88956,FALSE,FALSE,FALSE,7rgHSI,0.006612,0.4181,ab42,TRUE,reported,0.00228,1.04e-7,educ,TRUE,reported,K5Q3Oh,2,TRUE,NA
rs35577195,A,G,A,G,0.01288,0.005293,0.06463,0.0630582,FALSE,FALSE,FALSE,7rgHSI,0.00905,0.5587,ab42,TRUE,reported,0.00267,1.4e-6,educ,TRUE,reported,K5Q3Oh,2,TRUE,NA
rs35606437,A,G,A,G,0.01047,0.007497,0.2925,0.270326,FALSE,FALSE,FALSE,7rgHSI,0.004588,0.1023,ab42,TRUE,reported,0.00158,3.98e-11,educ,TRUE,reported,K5Q3Oh,2,TRUE,NA
rs35613923,A,G,A,G,0.00778,-0.003632,0.7636,0.796597,FALSE,FALSE,FALSE,7rgHSI,0.005231,0.4875,ab42,TRUE,reported,0.0017,4.97e-6,educ,TRUE,reported,K5Q3Oh,2,TRUE,NA
rs35624276,A,G,A,G,0.00675,0.002487,0.5306,0.520958,FALSE,FALSE,FALSE,7rgHSI,0.004187,0.5525,ab42,TRUE,reported,0.0014,1.47e-6,educ,TRUE,reported,K5Q3Oh,2,TRUE,NA
rs35632245,A,G,A,G,-0.00783,0.002437,0.7296,0.768879,FALSE,FALSE,FALSE,7rgHSI,0.004614,0.5974,ab42,TRUE,reported,0.0016,9.7e-7,educ,TRUE,reported,K5Q3Oh,2,TRUE,NA
rs35638429,G,A,G,A,-0.00748,-0.002205,0.6684,0.646828,FALSE,FALSE,FALSE,7rgHSI,0.004385,0.6151,ab42,TRUE,reported,0.00151,7.22e-7,educ,TRUE,reported,K5Q3Oh,2,TRUE,NA
rs356999,A,G,A,G,-0.01009,-0.004352,0.3605,0.37154299999999996,FALSE,FALSE,FALSE,7rgHSI,0.004141,0.2933,ab42,TRUE,reported,0.00144,2.91e-12,educ,TRUE,reported,K5Q3Oh,2,TRUE,NA
rs35726701,A,G,A,G,0.03025,-0.01082,0.97279,0.9800277,FALSE,FALSE,FALSE,7rgHSI,0.01483,0.4656,ab42,TRUE,reported,0.00502,1.68e-9,educ,TRUE,reported,K5Q3Oh,2,TRUE,NA
rs35745455,G,A,G,A,-0.00796,-0.001676,0.5085,0.473668,FALSE,FALSE,FALSE,7rgHSI,0.004186,0.6889,ab42,TRUE,reported,0.0014,1.43e-8,educ,TRUE,reported,K5Q3Oh,2,TRUE,NA
rs35754740,T,C,T,C,0.00833,0.00498,0.585,0.581568,FALSE,FALSE,FALSE,7rgHSI,0.004182,0.2338,ab42,TRUE,reported,0.00142,4.77e-9,educ,TRUE,reported,K5Q3Oh,2,TRUE,NA
rs35788,A,G,A,G,-0.00686,0.001017,0.4762,0.461626,FALSE,FALSE,FALSE,7rgHSI,0.004196,0.8085,ab42,TRUE,reported,0.0014,1.03e-6,educ,TRUE,reported,K5Q3Oh,2,TRUE,NA
rs35801031,T,C,T,C,0.00988,-0.003894,0.1241,0.139975,FALSE,FALSE,FALSE,7rgHSI,0.006221,0.5314,ab42,TRUE,reported,0.00206,1.7e-6,educ,TRUE,reported,K5Q3Oh,2,TRUE,NA
rs35913626,G,A,G,A,-0.02023,0.004014,0.97279,0.9790268,FALSE,FALSE,FALSE,7rgHSI,0.01309,0.7591,ab42,TRUE,reported,0.00433,3.05e-6,educ,TRUE,reported,K5Q3Oh,2,TRUE,NA
rs359233,A,G,A,G,0.00749,0.002851,0.3895,0.35988600000000004,FALSE,FALSE,FALSE,7rgHSI,0.004392,0.5164,ab42,TRUE,reported,0.00145,2.3e-7,educ,TRUE,reported,K5Q3Oh,2,TRUE,NA
rs35929923,G,A,G,A,0.01143,8.572e-4,0.7466,0.75405,FALSE,FALSE,FALSE,7rgHSI,0.004782,0.8577,ab42,TRUE,reported,0.00162,1.77e-12,educ,TRUE,reported,K5Q3Oh,2,TRUE,NA
rs35932033,A,G,A,G,-0.00807,0.006348,0.7262,0.7479210000000001,FALSE,FALSE,FALSE,7rgHSI,0.004765,0.1829,ab42,TRUE,reported,0.00163,7.69e-7,educ,TRUE,reported,K5Q3Oh,2,TRUE,NA
rs35935750,T,C,T,C,-0.02124,0.006543,0.98299,0.973206,FALSE,FALSE,FALSE,7rgHSI,0.01377,0.6347,ab42,TRUE,reported,0.00463,4.48e-6,educ,TRUE,reported,K5Q3Oh,2,TRUE,NA
rs359534,T,C,T,C,-0.00767,-0.01321,0.2483,0.239452,FALSE,FALSE,FALSE,7rgHSI,0.004866,0.00666,ab42,TRUE,reported,0.00163,2.61e-6,educ,TRUE,reported,K5Q3Oh,2,TRUE,NA
rs35999374,T,C,T,C,0.01228,0.01454,0.91156,0.923129,FALSE,FALSE,FALSE,7rgHSI,0.007475,0.05191,ab42,TRUE,reported,0.00254,1.29e-6,educ,TRUE,reported,K5Q3Oh,2,TRUE,NA
rs36019562,G,T,G,T,-0.00658,9.825e-4,0.4524,0.492008,FALSE,FALSE,FALSE,7rgHSI,0.004185,0.8144,ab42,TRUE,reported,0.00143,4.34e-6,educ,TRUE,reported,K5Q3Oh,2,TRUE,NA
rs36118723,A,C,A,C,-0.00693,9.827e-4,0.3861,0.40348,FALSE,FALSE,FALSE,7rgHSI,0.004125,0.8117,ab42,TRUE,reported,0.00143,1.24e-6,educ,TRUE,reported,K5Q3Oh,2,TRUE,NA
rs36120534,T,C,T,C,0.01002,0.01195,0.2296,0.178904,FALSE,FALSE,FALSE,7rgHSI,0.005361,0.02593,ab42,TRUE,reported,0.00182,3.77e-8,educ,TRUE,reported,K5Q3Oh,2,TRUE,NA
rs362307,C,T,C,T,0.02259,0.006354,0.93707,0.9333847,FALSE,FALSE,FALSE,7rgHSI,0.008097,0.4327,ab42,TRUE,reported,0.00265,1.55e-17,educ,TRUE,reported,K5Q3Oh,2,TRUE,NA
rs363096,C,T,C,T,0.01432,0.003029,0.5748,0.582722,FALSE,FALSE,FALSE,7rgHSI,0.00413,0.4634,ab42,TRUE,reported,0.00142,5.77e-24,educ,TRUE,reported,K5Q3Oh,2,TRUE,NA
rs3730088,G,A,G,A,-0.01263,4.305e-4,0.07483,0.0948876,FALSE,FALSE,FALSE,7rgHSI,0.007515,0.9543,ab42,TRUE,reported,0.00257,8.43e-7,educ,TRUE,reported,K5Q3Oh,2,TRUE,NA
rs3734960,T,C,T,C,0.00725,2.711e-4,0.7483,0.715984,FALSE,FALSE,FALSE,7rgHSI,0.004505,0.952,ab42,TRUE,reported,0.00159,4.82e-6,educ,TRUE,reported,K5Q3Oh,2,TRUE,NA
rs3740409,A,G,A,G,-0.01104,-0.003368,0.1241,0.118001,FALSE,FALSE,FALSE,7rgHSI,0.006653,0.6127,ab42,TRUE,reported,0.00226,1.04e-6,educ,TRUE,reported,K5Q3Oh,2,TRUE,NA
rs3743739,T,C,T,C,0.00985,-0.002293,0.8469,0.822113,FALSE,FALSE,FALSE,7rgHSI,0.005418,0.6721,ab42,TRUE,reported,0.0019,2.04e-7,educ,TRUE,reported,K5Q3Oh,2,TRUE,NA
rs3748988,A,G,A,G,0.00754,-0.002641,0.6276,0.634447,FALSE,FALSE,FALSE,7rgHSI,0.004225,0.532,ab42,TRUE,reported,0.00147,2.79e-7,educ,TRUE,reported,K5Q3Oh,2,TRUE,NA
rs3750086,C,A,C,A,0.01431,-0.004119,0.93537,0.9219741,FALSE,FALSE,FALSE,7rgHSI,0.008045,0.6087,ab42,TRUE,reported,0.00269,1.05e-7,educ,TRUE,reported,K5Q3Oh,2,TRUE,NA
rs3751331,G,A,G,A,0.00973,9.326e-4,0.6327,0.6391439999999999,FALSE,FALSE,FALSE,7rgHSI,0.004221,0.8252,ab42,TRUE,reported,0.00145,1.75e-11,educ,TRUE,reported,K5Q3Oh,2,TRUE,NA
rs3754200,C,G,C,G,-0.02359,0.008545,0.98639,0.9765784,FALSE,TRUE,FALSE,7rgHSI,0.01259,0.4974,ab42,TRUE,reported,0.00453,1.93e-7,educ,TRUE,reported,K5Q3Oh,2,TRUE,NA
rs3758338,T,G,T,G,0.01094,8.874e-4,0.8793,0.895119,FALSE,FALSE,FALSE,7rgHSI,0.006706,0.8947,ab42,TRUE,reported,0.00225,1.12e-6,educ,TRUE,reported,K5Q3Oh,2,TRUE,NA
rs3768480,G,C,G,C,-0.01015,-4.575e-4,0.5578,0.569772,FALSE,TRUE,TRUE,7rgHSI,0.004308,0.9154,ab42,TRUE,reported,0.00142,8.4e-13,educ,TRUE,reported,K5Q3Oh,2,FALSE,NA
rs3778709,C,T,C,T,-0.0072,7.782e-4,0.3112,0.316246,FALSE,FALSE,FALSE,7rgHSI,0.004385,0.8592,ab42,TRUE,reported,0.00153,2.55e-6,educ,TRUE,reported,K5Q3Oh,2,TRUE,NA
rs3781339,T,C,T,C,-0.01038,0.001773,0.1905,0.187696,FALSE,FALSE,FALSE,7rgHSI,0.005274,0.7368,ab42,TRUE,reported,0.0018,7.55e-9,educ,TRUE,reported,K5Q3Oh,2,TRUE,NA
rs378342,T,C,T,C,-0.00845,0.004851,0.301,0.269772,FALSE,FALSE,FALSE,7rgHSI,0.004517,0.2829,ab42,TRUE,reported,0.00159,1.17e-7,educ,TRUE,reported,K5Q3Oh,2,TRUE,NA
rs3786712,G,A,G,A,0.00704,-0.004861,0.6241,0.651063,FALSE,FALSE,FALSE,7rgHSI,0.004391,0.2684,ab42,TRUE,reported,0.00148,1.93e-6,educ,TRUE,reported,K5Q3Oh,2,TRUE,NA
rs3790609,T,C,T,C,0.01072,6.11e-4,0.2075,0.16797,FALSE,FALSE,FALSE,7rgHSI,0.005465,0.911,ab42,TRUE,reported,0.0018600000000000001,8.35e-9,educ,TRUE,reported,K5Q3Oh,2,TRUE,NA
rs3803847,C,A,C,A,-0.00777,-0.01229,0.7432,0.775485,FALSE,FALSE,FALSE,7rgHSI,0.004791,0.01033,ab42,TRUE,reported,0.00166,2.91e-6,educ,TRUE,reported,K5Q3Oh,2,TRUE,NA
rs3809169,T,C,T,C,0.014,-0.005572,0.92347,0.9080998,FALSE,FALSE,FALSE,7rgHSI,0.007265,0.4431,ab42,TRUE,reported,0.00255,3.85e-8,educ,TRUE,reported,K5Q3Oh,2,TRUE,NA
rs3809634,A,G,A,G,-0.01091,-0.007329,0.665,0.682214,FALSE,FALSE,FALSE,7rgHSI,0.004364,0.09316,ab42,TRUE,reported,0.00152,6.82e-13,educ,TRUE,reported,K5Q3Oh,2,TRUE,NA
rs3812281,C,T,C,T,-0.01133,0.005973,0.4133,0.398152,FALSE,FALSE,FALSE,7rgHSI,0.004105,0.1458,ab42,TRUE,reported,0.00143,2.7e-15,educ,TRUE,reported,K5Q3Oh,2,TRUE,NA
rs3813405,A,G,A,G,0.00658,3.223e-4,0.466,0.454173,FALSE,FALSE,FALSE,7rgHSI,0.004201,0.9389,ab42,TRUE,reported,0.0014,2.78e-6,educ,TRUE,reported,K5Q3Oh,2,TRUE,NA
rs3814660,C,A,C,A,-0.00915,0.005588,0.182,0.180351,FALSE,FALSE,FALSE,7rgHSI,0.005321,0.2937,ab42,TRUE,reported,0.0018600000000000001,9.11e-7,educ,TRUE,reported,K5Q3Oh,2,TRUE,NA
rs3816752,G,A,G,A,-0.00905,-9.356e-5,0.665,0.620065,FALSE,FALSE,FALSE,7rgHSI,0.004251,0.9824,ab42,TRUE,reported,0.00147,7.44e-10,educ,TRUE,reported,K5Q3Oh,2,TRUE,NA
rs3817923,G,A,G,A,0.01215,0.005606,0.8844,0.892008,FALSE,FALSE,FALSE,7rgHSI,0.006743,0.4058,ab42,TRUE,reported,0.00221,4.11e-8,educ,TRUE,reported,K5Q3Oh,2,TRUE,NA
rs3820781,A,C,A,C,-0.00779,0.00732,0.716,0.748891,FALSE,FALSE,FALSE,7rgHSI,0.004831,0.1299,ab42,TRUE,reported,0.00162,1.6e-6,educ,TRUE,reported,K5Q3Oh,2,TRUE,NA
rs382196,G,T,G,T,0.00818,0.002942,0.6548,0.639159,FALSE,FALSE,FALSE,7rgHSI,0.004336,0.4975,ab42,TRUE,reported,0.00144,1.47e-8,educ,TRUE,reported,K5Q3Oh,2,TRUE,NA
rs3823036,C,T,C,T,0.00701,0.003033,0.3095,0.318971,FALSE,FALSE,FALSE,7rgHSI,0.004346,0.4853,ab42,TRUE,reported,0.0015,2.8e-6,educ,TRUE,reported,K5Q3Oh,2,TRUE,NA
rs3825694,T,C,T,C,0.01106,0.005326,0.8571,0.86081,FALSE,FALSE,FALSE,7rgHSI,0.006174,0.3885,ab42,TRUE,reported,0.00211,1.56e-7,educ,TRUE,reported,K5Q3Oh,2,TRUE,NA
rs3847228,T,C,T,C,0.00831,-0.001302,0.4252,0.378503,FALSE,FALSE,FALSE,7rgHSI,0.004244,0.7591,ab42,TRUE,reported,0.00144,7.47e-9,educ,TRUE,reported,K5Q3Oh,2,TRUE,NA
rs3848715,G,A,G,A,0.00802,-0.001824,0.4847,0.493455,FALSE,FALSE,FALSE,7rgHSI,0.004063,0.6535,ab42,TRUE,reported,0.0014,1.07e-8,educ,TRUE,reported,K5Q3Oh,2,TRUE,NA
rs3853254,C,T,C,T,0.00831,0.007837,0.2398,0.26139500000000004,FALSE,FALSE,FALSE,7rgHSI,0.00458,0.08713,ab42,TRUE,reported,0.00162,3.08e-7,educ,TRUE,reported,K5Q3Oh,2,TRUE,NA
rs3857109,G,A,G,A,0.00665,-0.006565,0.4558,0.456298,FALSE,FALSE,FALSE,7rgHSI,0.004117,0.1109,ab42,TRUE,reported,0.00141,2.54e-6,educ,TRUE,reported,K5Q3Oh,2,TRUE,NA
rs3857891,A,G,A,G,0.0079,-5.962e-4,0.2007,0.20569800000000005,FALSE,FALSE,FALSE,7rgHSI,0.005125,0.9074,ab42,TRUE,reported,0.00173,4.71e-6,educ,TRUE,reported,K5Q3Oh,2,TRUE,NA
rs3859523,T,C,T,C,0.01245,0.008064,0.8214,0.831906,FALSE,FALSE,FALSE,7rgHSI,0.0055,0.1427,ab42,TRUE,reported,0.00183,9.92e-12,educ,TRUE,reported,K5Q3Oh,2,TRUE,NA
rs387027,C,A,C,A,0.0083,0.002819,0.6259,0.626209,FALSE,FALSE,FALSE,7rgHSI,0.004396,0.5214,ab42,TRUE,reported,0.00146,1.36e-8,educ,TRUE,reported,K5Q3Oh,2,TRUE,NA
rs3894627,T,C,T,C,0.00666,4.895e-4,0.3588,0.367401,FALSE,FALSE,FALSE,7rgHSI,0.004203,0.9073,ab42,TRUE,reported,0.00146,4.93e-6,educ,TRUE,reported,K5Q3Oh,2,TRUE,NA
rs3895736,A,C,A,C,0.01445,0.008743,0.1599,0.161919,FALSE,FALSE,FALSE,7rgHSI,0.005415,0.1065,ab42,TRUE,reported,0.00187,9.92e-15,educ,TRUE,reported,K5Q3Oh,2,TRUE,NA
rs3897821,A,G,A,G,0.01541,-5.297e-4,0.6497,0.665306,FALSE,FALSE,FALSE,7rgHSI,0.004342,0.9029,ab42,TRUE,reported,0.00149,3.58e-25,educ,TRUE,reported,K5Q3Oh,2,TRUE,NA
rs3913132,A,G,A,G,0.00673,-0.003603,0.5085,0.490745,FALSE,FALSE,FALSE,7rgHSI,0.00408,0.3773,ab42,TRUE,reported,0.0014,1.6e-6,educ,TRUE,reported,K5Q3Oh,2,TRUE,NA
rs3935865,C,T,C,T,0.00756,0.001893,0.2568,0.255035,FALSE,FALSE,FALSE,7rgHSI,0.004742,0.6898,ab42,TRUE,reported,0.0016,2.26e-6,educ,TRUE,reported,K5Q3Oh,2,TRUE,NA
rs3948495,T,G,T,G,-0.00893,0.001204,0.4082,0.392254,FALSE,FALSE,FALSE,7rgHSI,0.004179,0.7733,ab42,TRUE,reported,0.00143,3.95e-10,educ,TRUE,reported,K5Q3Oh,2,TRUE,NA
rs394854,G,A,G,A,-0.0085,-0.002343,0.7874,0.781352,FALSE,FALSE,FALSE,7rgHSI,0.005085,0.645,ab42,TRUE,reported,0.00171,6.94e-7,educ,TRUE,reported,K5Q3Oh,2,TRUE,NA
rs399821,G,A,G,A,0.00785,-0.00292,0.466,0.48617200000000005,FALSE,FALSE,FALSE,7rgHSI,0.00403,0.4687,ab42,TRUE,reported,0.00141,2.34e-8,educ,TRUE,reported,K5Q3Oh,2,TRUE,NA
rs39998,A,C,A,C,0.00898,-0.003518,0.2551,0.293825,FALSE,FALSE,FALSE,7rgHSI,0.004401,0.4241,ab42,TRUE,reported,0.00154,5.02e-9,educ,TRUE,reported,K5Q3Oh,2,TRUE,NA
rs401526,C,T,C,T,0.01043,-4.65e-4,0.4932,0.461349,FALSE,FALSE,FALSE,7rgHSI,0.004137,0.9105,ab42,TRUE,reported,0.0014,1.15e-13,educ,TRUE,reported,K5Q3Oh,2,TRUE,NA
rs401966,C,G,C,G,-0.00968,-0.002038,0.415,0.393686,FALSE,TRUE,FALSE,7rgHSI,0.004133,0.622,ab42,TRUE,reported,0.00144,1.72e-11,educ,TRUE,reported,K5Q3Oh,2,TRUE,NA
rs4021415,C,T,C,T,-0.0071,3.8e-4,0.4728,0.464167,FALSE,FALSE,FALSE,7rgHSI,0.004283,0.9293,ab42,TRUE,reported,0.00142,5.88e-7,educ,TRUE,reported,K5Q3Oh,2,TRUE,NA
rs4034,A,G,A,G,-0.00685,-0.002608,0.352,0.350724,FALSE,FALSE,FALSE,7rgHSI,0.004341,0.548,ab42,TRUE,reported,0.00148,3.91e-6,educ,TRUE,reported,K5Q3Oh,2,TRUE,NA
rs405509,T,G,T,G,0.0076,-0.03106,0.5085,0.47513099999999997,FALSE,FALSE,FALSE,7rgHSI,0.004113,5.754e-14,ab42,TRUE,reported,0.00141,6.84e-8,educ,TRUE,reported,K5Q3Oh,2,TRUE,NA
rs4074661,G,A,G,A,0.00728,0.00648,0.5884,0.621435,FALSE,FALSE,FALSE,7rgHSI,0.004257,0.128,ab42,TRUE,reported,0.00143,3.44e-7,educ,TRUE,reported,K5Q3Oh,2,TRUE,NA
rs4127499,A,G,A,G,0.00873,-0.005137,0.4014,0.324962,FALSE,FALSE,FALSE,7rgHSI,0.004429,0.2463,ab42,TRUE,reported,0.00148,3.56e-9,educ,TRUE,reported,K5Q3Oh,2,TRUE,NA
rs41282553,A,G,A,G,0.0237,-0.008966,0.03741,0.0257314,FALSE,FALSE,FALSE,7rgHSI,0.01382,0.5166,ab42,TRUE,reported,0.00396,2.09e-9,educ,TRUE,reported,K5Q3Oh,2,TRUE,NA
rs41317090,C,A,C,A,0.01584,-7.694e-4,0.95408,0.9656298,FALSE,FALSE,FALSE,7rgHSI,0.01043,0.9412,ab42,TRUE,reported,0.00332,1.81e-6,educ,TRUE,reported,K5Q3Oh,2,TRUE,NA
rs41379545,T,C,T,C,-0.01502,-0.007016,0.04932,0.081198,FALSE,FALSE,FALSE,7rgHSI,0.007778,0.3671,ab42,TRUE,reported,0.00254,3.32e-9,educ,TRUE,reported,K5Q3Oh,2,TRUE,NA
rs4146926,C,G,C,G,0.00847,-0.003293,0.7228,0.7124269999999999,FALSE,TRUE,FALSE,7rgHSI,0.004465,0.4608,ab42,TRUE,reported,0.00157,7.44e-8,educ,TRUE,reported,K5Q3Oh,2,TRUE,NA
rs42210,C,G,C,G,-0.00984,-0.002702,0.7092,0.691685,FALSE,TRUE,FALSE,7rgHSI,0.004641,0.5605,ab42,TRUE,reported,0.00156,2.74e-10,educ,TRUE,reported,K5Q3Oh,2,TRUE,NA
rs42302,G,A,G,A,-0.0086,-0.003724,0.6752,0.641269,FALSE,FALSE,FALSE,7rgHSI,0.004316,0.3884,ab42,TRUE,reported,0.00148,5.96e-9,educ,TRUE,reported,K5Q3Oh,2,TRUE,NA
rs4241445,T,G,T,G,0.00704,0.003067,0.4507,0.477749,FALSE,FALSE,FALSE,7rgHSI,0.004054,0.4493,ab42,TRUE,reported,0.00141,5.51e-7,educ,TRUE,reported,K5Q3Oh,2,TRUE,NA
rs4242099,G,A,G,A,-0.00654,-0.002996,0.5884,0.556637,FALSE,FALSE,FALSE,7rgHSI,0.004117,0.4668,ab42,TRUE,reported,0.00141,3.57e-6,educ,TRUE,reported,K5Q3Oh,2,TRUE,NA
rs4255791,G,A,G,A,0.00842,0.003598,0.6888,0.669464,FALSE,FALSE,FALSE,7rgHSI,0.004482,0.4222,ab42,TRUE,reported,0.00151,2.51e-8,educ,TRUE,reported,K5Q3Oh,2,TRUE,NA
rs4264273,A,C,A,C,0.00781,0.01151,0.2568,0.280366,FALSE,FALSE,FALSE,7rgHSI,0.004542,0.0113,ab42,TRUE,reported,0.00159,8.81e-7,educ,TRUE,reported,K5Q3Oh,2,TRUE,NA
rs4272628,A,G,A,G,-0.00741,1.108e-5,0.5697,0.5454570000000001,FALSE,FALSE,FALSE,7rgHSI,0.004135,0.9979,ab42,TRUE,reported,0.0014,1.29e-7,educ,TRUE,reported,K5Q3Oh,2,TRUE,NA
rs4279178,A,G,A,G,-0.00671,-0.004986,0.4609,0.471004,FALSE,FALSE,FALSE,7rgHSI,0.004121,0.2264,ab42,TRUE,reported,0.0014,1.74e-6,educ,TRUE,reported,K5Q3Oh,2,TRUE,NA
rs429150,C,T,C,T,-0.00852,0.00807,0.4762,0.482291,FALSE,FALSE,FALSE,7rgHSI,0.003944,0.04082,ab42,TRUE,reported,0.00141,1.5e-9,educ,TRUE,reported,K5Q3Oh,2,TRUE,NA
rs4291982,G,A,G,A,0.00693,-0.001013,0.5884,0.600585,FALSE,FALSE,FALSE,7rgHSI,0.004161,0.8076,ab42,TRUE,reported,0.00143,1.23e-6,educ,TRUE,reported,K5Q3Oh,2,TRUE,NA
rs4294408,C,T,C,T,-0.00761,-1.402e-4,0.2976,0.30308,FALSE,FALSE,FALSE,7rgHSI,0.004424,0.9747,ab42,TRUE,reported,0.00153,6.26e-7,educ,TRUE,reported,K5Q3Oh,2,TRUE,NA
rs4298514,C,T,C,T,-0.01039,-8.2e-4,0.2789,0.3164,FALSE,FALSE,FALSE,7rgHSI,0.004436,0.8533,ab42,TRUE,reported,0.00153,1.07e-11,educ,TRUE,reported,K5Q3Oh,2,TRUE,NA
rs4306665,G,C,G,C,0.00776,0.001915,0.7687,0.756468,FALSE,TRUE,FALSE,7rgHSI,0.004846,0.6928,ab42,TRUE,reported,0.00167,3.44e-6,educ,TRUE,reported,K5Q3Oh,2,TRUE,NA
rs4314918,G,A,G,A,-0.01867,0.003832,0.1769,0.20426500000000003,FALSE,FALSE,FALSE,7rgHSI,0.005229,0.4637,ab42,TRUE,reported,0.00184,4.07e-24,educ,TRUE,reported,K5Q3Oh,2,TRUE,NA
rs4320563,G,A,G,A,-0.01089,-0.004755,0.466,0.503095,FALSE,FALSE,FALSE,7rgHSI,0.004074,0.2433,ab42,TRUE,reported,0.00143,2.24e-14,educ,TRUE,reported,K5Q3Oh,2,TRUE,NA
rs4352658,T,C,T,C,-0.01896,-0.01188,0.09014,0.0794118,FALSE,FALSE,FALSE,7rgHSI,0.007465,0.1116,ab42,TRUE,reported,0.00257,1.71e-13,educ,TRUE,reported,K5Q3Oh,2,TRUE,NA
rs435802,T,C,T,C,0.00688,-0.002255,0.4014,0.424284,FALSE,FALSE,FALSE,7rgHSI,0.004059,0.5785,ab42,TRUE,reported,0.00141,1.07e-6,educ,TRUE,reported,K5Q3Oh,2,TRUE,NA
rs4358081,C,A,C,A,0.00951,-0.002173,0.449,0.466446,FALSE,FALSE,FALSE,7rgHSI,0.004092,0.5954,ab42,TRUE,reported,0.0014,1.28e-11,educ,TRUE,reported,K5Q3Oh,2,TRUE,NA
rs4358358,A,G,A,G,0.01088,0.006658,0.6888,0.69866,FALSE,FALSE,FALSE,7rgHSI,0.004509,0.1399,ab42,TRUE,reported,0.00152,8.69e-13,educ,TRUE,reported,K5Q3Oh,2,TRUE,NA
rs4366937,C,T,C,T,0.00709,0.008756,0.4116,0.389714,FALSE,FALSE,FALSE,7rgHSI,0.00413,0.03409,ab42,TRUE,reported,0.00144,9.02e-7,educ,TRUE,reported,K5Q3Oh,2,TRUE,NA
rs4369924,A,G,A,G,0.0125,-0.003305,0.1684,0.182291,FALSE,FALSE,FALSE,7rgHSI,0.005507,0.5484,ab42,TRUE,reported,0.00191,5.58e-11,educ,TRUE,reported,K5Q3Oh,2,TRUE,NA
rs437742,T,C,T,C,0.00691,-0.001715,0.5153,0.482399,FALSE,FALSE,FALSE,7rgHSI,0.004092,0.6752,ab42,TRUE,reported,0.00141,9.33e-7,educ,TRUE,reported,K5Q3Oh,2,TRUE,NA
rs4378600,C,G,C,G,-0.00706,-0.005357,0.3163,0.283985,FALSE,TRUE,FALSE,7rgHSI,0.004476,0.2315,ab42,TRUE,reported,0.00153,4.19e-6,educ,TRUE,reported,K5Q3Oh,2,TRUE,NA
rs4379740,T,C,T,C,-0.00877,0.005214,0.1718,0.19607300000000005,FALSE,FALSE,FALSE,7rgHSI,0.005367,0.3314,ab42,TRUE,reported,0.0018,1.17e-6,educ,TRUE,reported,K5Q3Oh,2,TRUE,NA
rs4384309,G,A,G,A,-0.01023,0.004244,0.5204,0.528472,FALSE,FALSE,FALSE,7rgHSI,0.004059,0.2958,ab42,TRUE,reported,0.00142,4.89e-13,educ,TRUE,reported,K5Q3Oh,2,TRUE,NA
rs4396896,T,A,T,A,0.01067,-0.001091,0.6224,0.590376,FALSE,TRUE,FALSE,7rgHSI,0.0041660000000000004,0.7934,ab42,TRUE,reported,0.00144,1.12e-13,educ,TRUE,reported,K5Q3Oh,2,TRUE,NA
rs4405299,T,C,T,C,0.00676,0.006562,0.432,0.47397599999999995,FALSE,FALSE,FALSE,7rgHSI,0.004212,0.1193,ab42,TRUE,reported,0.00141,1.55e-6,educ,TRUE,reported,K5Q3Oh,2,TRUE,NA
rs4416418,G,A,G,A,-0.00799,0.001165,0.2415,0.232923,FALSE,FALSE,FALSE,7rgHSI,0.004817,0.8089,ab42,TRUE,reported,0.00165,1.31e-6,educ,TRUE,reported,K5Q3Oh,2,TRUE,NA
rs4416502,G,A,G,A,0.0079,0.003142,0.7772,0.762011,FALSE,FALSE,FALSE,7rgHSI,0.004854,0.5174,ab42,TRUE,reported,0.00172,4.38e-6,educ,TRUE,reported,K5Q3Oh,2,TRUE,NA
rs4423373,A,G,A,G,-0.00871,-0.005326,0.4966,0.507746,FALSE,FALSE,FALSE,7rgHSI,0.004036,0.1871,ab42,TRUE,reported,0.00141,6e-10,educ,TRUE,reported,K5Q3Oh,2,TRUE,NA
rs4428070,C,A,C,A,-0.00711,-0.002678,0.6905,0.7038340000000001,FALSE,FALSE,FALSE,7rgHSI,0.004367,0.5397,ab42,TRUE,reported,0.0015,2.03e-6,educ,TRUE,reported,K5Q3Oh,2,TRUE,NA
rs4434676,A,T,A,T,-0.00894,-0.00452,0.4184,0.398106,FALSE,TRUE,FALSE,7rgHSI,0.004244,0.287,ab42,TRUE,reported,0.00142,2.83e-10,educ,TRUE,reported,K5Q3Oh,2,TRUE,NA
rs4437700,T,G,T,G,-0.00748,-0.00328,0.4354,0.42095800000000005,FALSE,FALSE,FALSE,7rgHSI,0.004146,0.429,ab42,TRUE,reported,0.00142,1.4e-7,educ,TRUE,reported,K5Q3Oh,2,TRUE,NA
rs4449610,C,G,C,G,-0.00938,-0.007716,0.8367,0.797644,FALSE,TRUE,FALSE,7rgHSI,0.005039,0.1258,ab42,TRUE,reported,0.0018600000000000001,4.71e-7,educ,TRUE,reported,K5Q3Oh,2,TRUE,NA
rs4467547,G,T,G,T,-0.01205,0.001927,0.5952,0.394672,FALSE,FALSE,FALSE,7rgHSI,0.004097,0.6381,ab42,TRUE,reported,0.00144,4.88e-17,educ,TRUE,reported,K5Q3Oh,2,TRUE,NA
rs4469771,T,C,T,C,0.01012,-0.004798,0.7228,0.674238,FALSE,FALSE,FALSE,7rgHSI,0.004322,0.267,ab42,TRUE,reported,0.00151,1.88e-11,educ,TRUE,reported,K5Q3Oh,2,TRUE,NA
rs4488976,C,T,C,T,-0.00782,-0.004637,0.7432,0.730028,FALSE,FALSE,FALSE,7rgHSI,0.004739,0.3279,ab42,TRUE,reported,0.00161,1.11e-6,educ,TRUE,reported,K5Q3Oh,2,TRUE,NA
rs4497562,G,A,G,A,-0.01125,0.002088,0.2823,0.274915,FALSE,FALSE,FALSE,7rgHSI,0.0045,0.6427,ab42,TRUE,reported,0.00158,1.05e-12,educ,TRUE,reported,K5Q3Oh,2,TRUE,NA
rs4500930,C,T,C,T,0.01088,-0.003736,0.6718,0.644872,FALSE,FALSE,FALSE,7rgHSI,0.004251,0.3796,ab42,TRUE,reported,0.00148,1.67e-13,educ,TRUE,reported,K5Q3Oh,2,TRUE,NA
rs4500960,C,T,C,T,0.01312,0.002894,0.5306,0.542624,FALSE,FALSE,FALSE,7rgHSI,0.004005,0.4699,ab42,TRUE,reported,0.00141,1.04e-20,educ,TRUE,reported,K5Q3Oh,2,TRUE,NA
rs4512319,G,A,G,A,-0.00752,0.001655,0.6088,0.6373880000000001,FALSE,FALSE,FALSE,7rgHSI,0.004193,0.6931,ab42,TRUE,reported,0.00145,2.13e-7,educ,TRUE,reported,K5Q3Oh,2,TRUE,NA
rs4521014,G,A,G,A,-0.00701,-0.00391,0.619,0.531383,FALSE,FALSE,FALSE,7rgHSI,0.00406,0.3356,ab42,TRUE,reported,0.00142,7.58e-7,educ,TRUE,reported,K5Q3Oh,2,TRUE,NA
rs4532508,G,A,G,A,0.00806,0.001904,0.2993,0.28032,FALSE,FALSE,FALSE,7rgHSI,0.004371,0.6631,ab42,TRUE,reported,0.00157,2.87e-7,educ,TRUE,reported,K5Q3Oh,2,TRUE,NA
rs4537554,C,T,C,T,-0.00748,0.007475,0.6752,0.698707,FALSE,FALSE,FALSE,7rgHSI,0.004311,0.08306,ab42,TRUE,reported,0.00151,7.18e-7,educ,TRUE,reported,K5Q3Oh,2,TRUE,NA
rs45453796,A,C,A,C,0.01549,0.001035,0.95068,0.9543271,FALSE,FALSE,FALSE,7rgHSI,0.01099,0.925,ab42,TRUE,reported,0.00329,2.45e-6,educ,TRUE,reported,K5Q3Oh,2,TRUE,NA
rs4558451,T,C,T,C,0.00681,0.003699,0.4864,0.519603,FALSE,FALSE,FALSE,7rgHSI,0.004055,0.3618,ab42,TRUE,reported,0.0014,1.21e-6,educ,TRUE,reported,K5Q3Oh,2,TRUE,NA
rs4559834,A,G,A,G,0.0078,0.004261,0.3537,0.303496,FALSE,FALSE,FALSE,7rgHSI,0.00456,0.3502,ab42,TRUE,reported,0.00152,2.86e-7,educ,TRUE,reported,K5Q3Oh,2,TRUE,NA
rs4607270,A,G,A,G,-0.00672,-0.003243,0.5391,0.513443,FALSE,FALSE,FALSE,7rgHSI,0.004098,0.4288,ab42,TRUE,reported,0.0014,1.73e-6,educ,TRUE,reported,K5Q3Oh,2,TRUE,NA
rs4612800,G,A,G,A,0.00845,0.005146,0.8044,0.789452,FALSE,FALSE,FALSE,7rgHSI,0.004888,0.2925,ab42,TRUE,reported,0.00173,9.89e-7,educ,TRUE,reported,K5Q3Oh,2,TRUE,NA
rs4633129,C,T,C,T,0.00855,0.00064899999999999995,0.8163,0.803172,FALSE,FALSE,FALSE,7rgHSI,0.005163,0.9,ab42,TRUE,reported,0.00175,1.08e-6,educ,TRUE,reported,K5Q3Oh,2,TRUE,NA
rs4638330,C,T,C,T,-0.00703,0.005522,0.7075,0.702849,FALSE,FALSE,FALSE,7rgHSI,0.004465,0.2163,ab42,TRUE,reported,0.00153,4.09e-6,educ,TRUE,reported,K5Q3Oh,2,TRUE,NA
rs465052,G,A,G,A,-0.00766,-0.002395,0.7534,0.755051,FALSE,FALSE,FALSE,7rgHSI,0.004695,0.61,ab42,TRUE,reported,0.00162,2.31e-6,educ,TRUE,reported,K5Q3Oh,2,TRUE,NA
rs4658019,T,C,T,C,0.00843,0.004422,0.4235,0.42858,FALSE,FALSE,FALSE,7rgHSI,0.004084,0.2791,ab42,TRUE,reported,0.00141,2.19e-9,educ,TRUE,reported,K5Q3Oh,2,TRUE,NA
rs4662382,C,T,C,T,0.01079,-0.00426,0.8554,0.855005,FALSE,FALSE,FALSE,7rgHSI,0.006064,0.4825,ab42,TRUE,reported,0.00211,3.34e-7,educ,TRUE,reported,K5Q3Oh,2,TRUE,NA
rs4664605,C,T,C,T,-0.00792,0.003059,0.3622,0.32674800000000004,FALSE,FALSE,FALSE,7rgHSI,0.004259,0.4727,ab42,TRUE,reported,0.00147,7.44e-8,educ,TRUE,reported,K5Q3Oh,2,TRUE,NA
rs4664983,T,C,T,C,-0.01033,0.002642,0.2262,0.21399800000000002,FALSE,FALSE,FALSE,7rgHSI,0.004996,0.597,ab42,TRUE,reported,0.00176,4.11e-9,educ,TRUE,reported,K5Q3Oh,2,TRUE,NA
rs4665418,T,C,T,C,-0.00757,0.003377,0.5493,0.5421309999999999,FALSE,FALSE,FALSE,7rgHSI,0.004217,0.4234,ab42,TRUE,reported,0.00143,1.24e-7,educ,TRUE,reported,K5Q3Oh,2,TRUE,NA
rs4665461,C,T,C,T,0.00749,-0.001272,0.4609,0.5021709999999999,FALSE,FALSE,FALSE,7rgHSI,0.004074,0.755,ab42,TRUE,reported,0.0014,9.09e-8,educ,TRUE,reported,K5Q3Oh,2,TRUE,NA
rs4669169,A,C,A,C,-0.00901,-1.231e-4,0.784,0.775254,FALSE,FALSE,FALSE,7rgHSI,0.005015,0.9804,ab42,TRUE,reported,0.00171,1.28e-7,educ,TRUE,reported,K5Q3Oh,2,TRUE,NA
rs4673840,C,T,C,T,0.01385,-0.01339,0.1633,0.165614,FALSE,FALSE,FALSE,7rgHSI,0.005337,0.01214,ab42,TRUE,reported,0.00192,5.86e-13,educ,TRUE,reported,K5Q3Oh,2,TRUE,NA
rs4675248,G,A,G,A,0.00943,0.004108,0.631,0.59923,FALSE,FALSE,FALSE,7rgHSI,0.004247,0.3335,ab42,TRUE,reported,0.00143,4.5e-11,educ,TRUE,reported,K5Q3Oh,2,TRUE,NA
rs4678090,C,T,C,T,0.01017,-0.001338,0.6871,0.675208,FALSE,FALSE,FALSE,7rgHSI,0.004417,0.7619,ab42,TRUE,reported,0.00152,2.54e-11,educ,TRUE,reported,K5Q3Oh,2,TRUE,NA
rs4678659,A,C,A,C,0.01102,0.008767,0.8929,0.88571,FALSE,FALSE,FALSE,7rgHSI,0.006212,0.1583,ab42,TRUE,reported,0.00214,2.77e-7,educ,TRUE,reported,K5Q3Oh,2,TRUE,NA
rs4683201,G,A,G,A,0.00912,-0.008758,0.1667,0.180028,FALSE,FALSE,FALSE,7rgHSI,0.005484,0.1104,ab42,TRUE,reported,0.00188,1.28e-6,educ,TRUE,reported,K5Q3Oh,2,TRUE,NA
rs4685405,T,G,T,G,-0.01113,0.003131,0.1735,0.189282,FALSE,FALSE,FALSE,7rgHSI,0.005334,0.5572,ab42,TRUE,reported,0.00182,8.69e-10,educ,TRUE,reported,K5Q3Oh,2,TRUE,NA
rs4685448,G,A,G,A,0.00688,0.008697,0.5986,0.578503,FALSE,FALSE,FALSE,7rgHSI,0.004061,0.0323,ab42,TRUE,reported,0.00141,1.07e-6,educ,TRUE,reported,K5Q3Oh,2,TRUE,NA
rs4687735,T,C,T,C,-0.02005,-7.136e-4,0.05102,0.038588999999999984,FALSE,FALSE,FALSE,7rgHSI,0.01037,0.9452,ab42,TRUE,reported,0.00332,1.63e-9,educ,TRUE,reported,K5Q3Oh,2,TRUE,NA
rs4691601,A,T,A,T,-0.01154,0.006896,0.4813,0.46118000000000003,FALSE,TRUE,TRUE,7rgHSI,0.004055,0.08915,ab42,TRUE,reported,0.00141,2.46e-16,educ,TRUE,reported,K5Q3Oh,2,FALSE,NA
rs4693318,A,T,A,T,0.00718,2.83e-4,0.4575,0.44342499999999996,FALSE,TRUE,TRUE,7rgHSI,0.003988,0.9434,ab42,TRUE,reported,0.00144,5.85e-7,educ,TRUE,reported,K5Q3Oh,2,FALSE,NA
rs4705763,G,C,G,C,-0.00894,2.614e-5,0.4337,0.46623000000000003,FALSE,TRUE,TRUE,7rgHSI,0.004022,0.9948,ab42,TRUE,reported,0.00141,2.08e-10,educ,TRUE,reported,K5Q3Oh,2,FALSE,NA
rs4709383,A,G,A,G,0.01205,0.009448,0.94218,0.931106,FALSE,FALSE,FALSE,7rgHSI,0.007963,0.2355,ab42,TRUE,reported,0.00264,4.95e-6,educ,TRUE,reported,K5Q3Oh,2,TRUE,NA
rs4712371,A,G,A,G,-0.01244,-0.002135,0.1054,0.131075,FALSE,FALSE,FALSE,7rgHSI,0.00619,0.7302,ab42,TRUE,reported,0.00214,6.63e-9,educ,TRUE,reported,K5Q3Oh,2,TRUE,NA
rs4716882,T,C,T,C,-0.00778,0.01081,0.2704,0.26812400000000003,FALSE,FALSE,FALSE,7rgHSI,0.004574,0.01817,ab42,TRUE,reported,0.00162,1.48e-6,educ,TRUE,reported,K5Q3Oh,2,TRUE,NA
rs4719460,T,C,T,C,-0.00883,0.003136,0.6633,0.662873,FALSE,FALSE,FALSE,7rgHSI,0.004223,0.4577,ab42,TRUE,reported,0.00148,2.34e-9,educ,TRUE,reported,K5Q3Oh,2,TRUE,NA
rs4719944,C,T,C,T,0.01209,-0.009406,0.4541,0.446982,FALSE,FALSE,FALSE,7rgHSI,0.004111,0.02221,ab42,TRUE,reported,0.00141,9.25e-18,educ,TRUE,reported,K5Q3Oh,2,TRUE,NA
rs4722403,C,T,C,T,0.00667,-0.006319,0.5629,0.541792,FALSE,FALSE,FALSE,7rgHSI,0.004084,0.1219,ab42,TRUE,reported,0.00141,2.06e-6,educ,TRUE,reported,K5Q3Oh,2,TRUE,NA
rs4724083,T,C,T,C,0.00828,9.634e-4,0.3265,0.335925,FALSE,FALSE,FALSE,7rgHSI,0.004402,0.8268,ab42,TRUE,reported,0.0015,3.53e-8,educ,TRUE,reported,K5Q3Oh,2,TRUE,NA
rs4726070,G,A,G,A,-0.01223,0.001111,0.3793,0.406914,FALSE,FALSE,FALSE,7rgHSI,0.004137,0.7882,ab42,TRUE,reported,0.00143,1.36e-17,educ,TRUE,reported,K5Q3Oh,2,TRUE,NA
rs472821,A,G,A,G,-0.00702,8.127e-4,0.3656,0.37271299999999996,FALSE,FALSE,FALSE,7rgHSI,0.004233,0.8478,ab42,TRUE,reported,0.00145,1.35e-6,educ,TRUE,reported,K5Q3Oh,2,TRUE,NA
rs4729761,G,T,G,T,0.00975,-0.005107,0.8861,0.854774,FALSE,FALSE,FALSE,7rgHSI,0.006143,0.4058,ab42,TRUE,reported,0.00203,1.48e-6,educ,TRUE,reported,K5Q3Oh,2,TRUE,NA
rs4731413,G,A,G,A,-0.01108,-0.002453,0.767,0.79842900000000006,FALSE,FALSE,FALSE,7rgHSI,0.005232,0.6392,ab42,TRUE,reported,0.00175,2.31e-10,educ,TRUE,reported,K5Q3Oh,2,TRUE,NA
rs4735297,A,G,A,G,-0.00859,-6.676e-4,0.6769,0.6575759999999999,FALSE,FALSE,FALSE,7rgHSI,0.004281,0.8761,ab42,TRUE,reported,0.00152,1.62e-8,educ,TRUE,reported,K5Q3Oh,2,TRUE,NA
rs4739235,A,G,A,G,0.0109,0.009505,0.1871,0.179643,FALSE,FALSE,FALSE,7rgHSI,0.005367,0.07667,ab42,TRUE,reported,0.00187,5.26e-9,educ,TRUE,reported,K5Q3Oh,2,TRUE,NA
rs4739994,T,C,T,C,0.00708,0.005078,0.5578,0.543748,FALSE,FALSE,FALSE,7rgHSI,0.004261,0.2335,ab42,TRUE,reported,0.00141,5.02e-7,educ,TRUE,reported,K5Q3Oh,2,TRUE,NA
rs4741571,A,G,A,G,-0.01022,0.003246,0.6412,0.683,FALSE,FALSE,FALSE,7rgHSI,0.004543,0.475,ab42,TRUE,reported,0.0015,8.09e-12,educ,TRUE,reported,K5Q3Oh,2,TRUE,NA
rs4757957,C,G,C,G,0.01332,0.001359,0.6514,0.680844,FALSE,TRUE,FALSE,7rgHSI,0.004422,0.7585,ab42,TRUE,reported,0.00152,1.79e-18,educ,TRUE,reported,K5Q3Oh,2,TRUE,NA
rs4765015,C,T,C,T,0.00798,-0.002197,0.7092,0.72219,FALSE,FALSE,FALSE,7rgHSI,0.004725,0.642,ab42,TRUE,reported,0.00161,6.74e-7,educ,TRUE,reported,K5Q3Oh,2,TRUE,NA
rs4766424,G,C,G,C,-0.01423,-5.561e-4,0.91156,0.880197,FALSE,TRUE,FALSE,7rgHSI,0.00609,0.9272,ab42,TRUE,reported,0.00213,2.47e-11,educ,TRUE,reported,K5Q3Oh,2,TRUE,NA
rs4777732,T,A,T,A,0.01194,0.01019,0.93367,0.9212504,FALSE,TRUE,FALSE,7rgHSI,0.007379,0.1673,ab42,TRUE,reported,0.0025,1.73e-6,educ,TRUE,reported,K5Q3Oh,2,TRUE,NA
rs4784148,T,C,T,C,-0.00734,-0.004342,0.6905,0.6921930000000001,FALSE,FALSE,FALSE,7rgHSI,0.004363,0.3197,ab42,TRUE,reported,0.00151,1.13e-6,educ,TRUE,reported,K5Q3Oh,2,TRUE,NA
rs4785187,A,G,A,G,-0.00997,-7.107e-4,0.2279,0.229258,FALSE,FALSE,FALSE,7rgHSI,0.004877,0.8842,ab42,TRUE,reported,0.00168,3.12e-9,educ,TRUE,reported,K5Q3Oh,2,TRUE,NA
rs4787028,C,T,C,T,-0.0086,0.00335,0.2687,0.350339,FALSE,FALSE,FALSE,7rgHSI,0.004369,0.4433,ab42,TRUE,reported,0.00149,8.08e-9,educ,TRUE,reported,K5Q3Oh,2,TRUE,NA
rs4787457,G,A,G,A,-0.01616,0.005305,0.3146,0.356452,FALSE,FALSE,FALSE,7rgHSI,0.004327,0.2203,ab42,TRUE,reported,0.00146,1.23e-28,educ,TRUE,reported,K5Q3Oh,2,TRUE,NA
rs4787983,C,T,C,T,-0.00748,0.001866,0.6276,0.6282719999999999,FALSE,FALSE,FALSE,7rgHSI,0.004175,0.6549,ab42,TRUE,reported,0.00145,2.44e-7,educ,TRUE,reported,K5Q3Oh,2,TRUE,NA
rs4789596,C,T,C,T,0.0066,0.006089,0.5799,0.568848,FALSE,FALSE,FALSE,7rgHSI,0.004245,0.1515,ab42,TRUE,reported,0.00141,2.86e-6,educ,TRUE,reported,K5Q3Oh,2,TRUE,NA
rs479018,G,A,G,A,-0.01092,-6.928e-4,0.6718,0.665199,FALSE,FALSE,FALSE,7rgHSI,0.0043,0.872,ab42,TRUE,reported,0.0015,3.1e-13,educ,TRUE,reported,K5Q3Oh,2,TRUE,NA
rs4793090,A,G,A,G,0.00837,0.008969,0.648,0.654589,FALSE,FALSE,FALSE,7rgHSI,0.004291,0.03667,ab42,TRUE,reported,0.00148,1.67e-8,educ,TRUE,reported,K5Q3Oh,2,TRUE,NA
rs4800593,C,G,C,G,0.00809,-0.004901,0.7738,0.760656,FALSE,TRUE,FALSE,7rgHSI,0.004706,0.2977,ab42,TRUE,reported,0.00163,6.48e-7,educ,TRUE,reported,K5Q3Oh,2,TRUE,NA
rs4807428,C,G,C,G,0.012070000000000001,0.00193,0.8861,0.8983369999999999,FALSE,TRUE,FALSE,7rgHSI,0.006726,0.7742,ab42,TRUE,reported,0.00228,1.13e-7,educ,TRUE,reported,K5Q3Oh,2,TRUE,NA
rs4809794,G,C,G,C,-0.00694,0.002337,0.3724,0.33862,FALSE,TRUE,FALSE,7rgHSI,0.00417,0.5753,ab42,TRUE,reported,0.00147,2.47e-6,educ,TRUE,reported,K5Q3Oh,2,TRUE,NA
rs4810894,G,A,G,A,0.00853,-9.216e-4,0.6497,0.631799,FALSE,FALSE,FALSE,7rgHSI,0.004209,0.8267,ab42,TRUE,reported,0.00145,4.38e-9,educ,TRUE,reported,K5Q3Oh,2,TRUE,NA
rs4814882,A,G,A,G,0.00921,0.001985,0.2041,0.217616,FALSE,FALSE,FALSE,7rgHSI,0.004876,0.684,ab42,TRUE,reported,0.00171,7.52e-8,educ,TRUE,reported,K5Q3Oh,2,TRUE,NA
rs481940,T,C,T,C,0.01001,0.001038,0.2772,0.24431800000000004,FALSE,FALSE,FALSE,7rgHSI,0.00474,0.8266,ab42,TRUE,reported,0.00161,4.94e-10,educ,TRUE,reported,K5Q3Oh,2,TRUE,NA
rs482787,T,C,T,C,0.01005,-0.001642,0.6633,0.6737759999999999,FALSE,FALSE,FALSE,7rgHSI,0.004331,0.7046,ab42,TRUE,reported,0.0015,1.95e-11,educ,TRUE,reported,K5Q3Oh,2,TRUE,NA
rs4839155,T,G,T,G,0.01147,0.007925,0.75,0.774084,FALSE,FALSE,FALSE,7rgHSI,0.004876,0.1042,ab42,TRUE,reported,0.00166,4.66e-12,educ,TRUE,reported,K5Q3Oh,2,TRUE,NA
rs4840434,T,C,T,C,-0.00778,0.004296,0.267,0.327241,FALSE,FALSE,FALSE,7rgHSI,0.004285,0.3161,ab42,TRUE,reported,0.00151,2.41e-7,educ,TRUE,reported,K5Q3Oh,2,TRUE,NA
rs4846724,G,A,G,A,-0.00982,0.006525,0.5085,0.46827799999999997,FALSE,FALSE,FALSE,7rgHSI,0.004079,0.1098,ab42,TRUE,reported,0.00141,2.89e-12,educ,TRUE,reported,K5Q3Oh,2,TRUE,NA
rs4848924,A,C,A,C,-0.01171,-0.004068,0.7007,0.7043889999999999,FALSE,FALSE,FALSE,7rgHSI,0.004501,0.3661,ab42,TRUE,reported,0.00155,3.56e-14,educ,TRUE,reported,K5Q3Oh,2,TRUE,NA
rs4850954,T,C,T,C,0.00775,-0.001542,0.4711,0.506021,FALSE,FALSE,FALSE,7rgHSI,0.004072,0.7049,ab42,TRUE,reported,0.00141,3.73e-8,educ,TRUE,reported,K5Q3Oh,2,TRUE,NA
rs4851263,G,A,G,A,0.01509,-0.005066,0.8878,0.893301,FALSE,FALSE,FALSE,7rgHSI,0.00671,0.4504,ab42,TRUE,reported,0.00232,7.86e-11,educ,TRUE,reported,K5Q3Oh,2,TRUE,NA
rs4858138,T,A,T,A,-0.00678,0.001243,0.5629,0.55271,FALSE,TRUE,TRUE,7rgHSI,0.004041,0.7584,ab42,TRUE,reported,0.00141,1.6e-6,educ,TRUE,reported,K5Q3Oh,2,FALSE,NA
rs4860418,C,T,C,T,0.00728,-1.04e-4,0.4745,0.49102199999999996,FALSE,FALSE,FALSE,7rgHSI,0.004112,0.9798,ab42,TRUE,reported,0.0014,2.09e-7,educ,TRUE,reported,K5Q3Oh,2,TRUE,NA
rs4867577,C,T,C,T,0.00717,0.006352,0.2942,0.307715,FALSE,FALSE,FALSE,7rgHSI,0.004581,0.1657,ab42,TRUE,reported,0.00152,2.35e-6,educ,TRUE,reported,K5Q3Oh,2,TRUE,NA
rs4867608,T,A,T,A,-0.00742,-0.005947,0.3163,0.304065,FALSE,TRUE,FALSE,7rgHSI,0.004611,0.1973,ab42,TRUE,reported,0.00152,1.12e-6,educ,TRUE,reported,K5Q3Oh,2,TRUE,NA
rs4873387,C,T,C,T,-0.0158,-0.003349,0.95068,0.954281,FALSE,FALSE,FALSE,7rgHSI,0.009484,0.724,ab42,TRUE,reported,0.00324,1.06e-6,educ,TRUE,reported,K5Q3Oh,2,TRUE,NA
rs4877516,T,A,T,A,0.01012,0.003131,0.551,0.560379,FALSE,TRUE,TRUE,7rgHSI,0.004096,0.4446,ab42,TRUE,reported,0.00141,7.78e-13,educ,TRUE,reported,K5Q3Oh,2,FALSE,NA
rs4881269,G,A,G,A,-0.01001,0.002956,0.6241,0.628519,FALSE,FALSE,FALSE,7rgHSI,0.004182,0.4797,ab42,TRUE,reported,0.00144,3.97e-12,educ,TRUE,reported,K5Q3Oh,2,TRUE,NA
rs4884585,T,G,T,G,0.00957,-0.004668,0.8452,0.847213,FALSE,FALSE,FALSE,7rgHSI,0.005777,0.4191,ab42,TRUE,reported,0.00194,8.15e-7,educ,TRUE,reported,K5Q3Oh,2,TRUE,NA
rs488476,G,C,G,C,0.01127,2.386e-4,0.381,0.361087,FALSE,TRUE,FALSE,7rgHSI,0.004173,0.9544,ab42,TRUE,reported,0.00145,8.29e-15,educ,TRUE,reported,K5Q3Oh,2,TRUE,NA
rs4887027,G,C,G,C,0.00681,-0.003926,0.5578,0.594841,FALSE,TRUE,TRUE,7rgHSI,0.004064,0.3341,ab42,TRUE,reported,0.00143,2.04e-6,educ,TRUE,reported,K5Q3Oh,2,FALSE,NA
rs4891258,A,G,A,G,-0.00697,-0.005867,0.6514,0.683292,FALSE,FALSE,FALSE,7rgHSI,0.00433,0.1755,ab42,TRUE,reported,0.0015,3.52e-6,educ,TRUE,reported,K5Q3Oh,2,TRUE,NA
rs4894658,G,C,G,C,-0.00906,0.001858,0.7568,0.741038,FALSE,TRUE,FALSE,7rgHSI,0.004529,0.6816,ab42,TRUE,reported,0.00159,1.34e-8,educ,TRUE,reported,K5Q3Oh,2,TRUE,NA
rs4896507,A,T,A,T,0.01032,-0.001495,0.8912,0.8863570000000001,FALSE,TRUE,FALSE,7rgHSI,0.006249,0.811,ab42,TRUE,reported,0.00221,2.93e-6,educ,TRUE,reported,K5Q3Oh,2,TRUE,NA
rs4898974,G,A,G,A,0.00701,-0.002195,0.3435,0.298845,FALSE,FALSE,FALSE,7rgHSI,0.004356,0.6143,ab42,TRUE,reported,0.00151,3.5e-6,educ,TRUE,reported,K5Q3Oh,2,TRUE,NA
rs4899012,C,G,C,G,-0.01027,-0.002641,0.5799,0.568525,FALSE,TRUE,TRUE,7rgHSI,0.004158,0.5254,ab42,TRUE,reported,0.00143,8.06e-13,educ,TRUE,reported,K5Q3Oh,2,FALSE,NA
rs4899095,T,C,T,C,-0.01198,0.001032,0.8827,0.890314,FALSE,FALSE,FALSE,7rgHSI,0.006537,0.8746,ab42,TRUE,reported,0.00232,2.45e-7,educ,TRUE,reported,K5Q3Oh,2,TRUE,NA
rs4904523,G,A,G,A,0.00815,-0.003703,0.5408,0.48329200000000005,FALSE,FALSE,FALSE,7rgHSI,0.004064,0.3623,ab42,TRUE,reported,0.0014,6.27e-9,educ,TRUE,reported,K5Q3Oh,2,TRUE,NA
rs4906099,C,T,C,T,0.00746,-0.002729,0.4813,0.53668,FALSE,FALSE,FALSE,7rgHSI,0.00401,0.4962,ab42,TRUE,reported,0.0014,1.07e-7,educ,TRUE,reported,K5Q3Oh,2,TRUE,NA
rs4907307,T,A,T,A,-0.00698,-0.003354,0.6224,0.647367,FALSE,TRUE,FALSE,7rgHSI,0.004253,0.4304,ab42,TRUE,reported,0.00147,2.01e-6,educ,TRUE,reported,K5Q3Oh,2,TRUE,NA
rs4908620,A,G,A,G,-0.00737,6.578e-4,0.3486,0.32359099999999996,FALSE,FALSE,FALSE,7rgHSI,0.004396,0.8811,ab42,TRUE,reported,0.00148,6.54e-7,educ,TRUE,reported,K5Q3Oh,2,TRUE,NA
rs4916996,G,A,G,A,-0.00696,-0.00672,0.6327,0.672821,FALSE,FALSE,FALSE,7rgHSI,0.00429,0.1173,ab42,TRUE,reported,0.00147,2.11e-6,educ,TRUE,reported,K5Q3Oh,2,TRUE,NA
rs4919624,G,A,G,A,-0.01928,-0.002578,0.1922,0.192131,FALSE,FALSE,FALSE,7rgHSI,0.00516,0.6173,ab42,TRUE,reported,0.00176,6.52e-28,educ,TRUE,reported,K5Q3Oh,2,TRUE,NA
rs4922062,C,T,C,T,0.00797,0.002994,0.8044,0.765245,FALSE,FALSE,FALSE,7rgHSI,0.004807,0.5334,ab42,TRUE,reported,0.00171,2.98e-6,educ,TRUE,reported,K5Q3Oh,2,TRUE,NA
rs4925065,C,T,C,T,0.00781,-0.002172,0.449,0.496027,FALSE,FALSE,FALSE,7rgHSI,0.004061,0.5927,ab42,TRUE,reported,0.0014,2.59e-8,educ,TRUE,reported,K5Q3Oh,2,TRUE,NA
rs4925109,A,G,A,G,-0.00961,0.001113,0.3248,0.370912,FALSE,FALSE,FALSE,7rgHSI,0.004329,0.7971,ab42,TRUE,reported,0.00151,1.91e-10,educ,TRUE,reported,K5Q3Oh,2,TRUE,NA
rs4934169,A,G,A,G,-0.00731,0.002323,0.2908,0.24527299999999996,FALSE,FALSE,FALSE,7rgHSI,0.004637,0.6164,ab42,TRUE,reported,0.00158,3.58e-6,educ,TRUE,reported,K5Q3Oh,2,TRUE,NA
rs4938815,G,T,G,T,-0.00852,0.002577,0.2925,0.28283,FALSE,FALSE,FALSE,7rgHSI,0.004509,0.5678,ab42,TRUE,reported,0.00154,2.99e-8,educ,TRUE,reported,K5Q3Oh,2,TRUE,NA
rs4941735,T,C,T,C,0.00919,2.857e-4,0.568,0.577579,FALSE,FALSE,FALSE,7rgHSI,0.004117,0.9447,ab42,TRUE,reported,0.00142,8.63e-11,educ,TRUE,reported,K5Q3Oh,2,TRUE,NA
rs494889,C,T,C,T,0.00702,-0.004131,0.682,0.635202,FALSE,FALSE,FALSE,7rgHSI,0.004336,0.3408,ab42,TRUE,reported,0.00149,2.33e-6,educ,TRUE,reported,K5Q3Oh,2,TRUE,NA
rs4949448,T,G,T,G,0.00704,-0.004508,0.517,0.449138,FALSE,FALSE,FALSE,7rgHSI,0.004187,0.2817,ab42,TRUE,reported,0.00141,6.58e-7,educ,TRUE,reported,K5Q3Oh,2,TRUE,NA
rs4952728,T,C,T,C,-0.00755,0.004895,0.4541,0.528534,FALSE,FALSE,FALSE,7rgHSI,0.004049,0.2268,ab42,TRUE,reported,0.0014,7.48e-8,educ,TRUE,reported,K5Q3Oh,2,TRUE,NA
rs4958869,C,A,C,A,0.00818,-0.001433,0.7687,0.723576,FALSE,FALSE,FALSE,7rgHSI,0.004982,0.7737,ab42,TRUE,reported,0.00169,1.23e-6,educ,TRUE,reported,K5Q3Oh,2,TRUE,NA
rs4972748,C,T,C,T,-0.0105,0.003099,0.2007,0.19907600000000003,FALSE,FALSE,FALSE,7rgHSI,0.005244,0.5545,ab42,TRUE,reported,0.00183,9.5e-9,educ,TRUE,reported,K5Q3Oh,2,TRUE,NA
rs4977885,G,A,G,A,0.00838,-0.006203,0.6259,0.592393,FALSE,FALSE,FALSE,7rgHSI,0.004287,0.148,ab42,TRUE,reported,0.00145,6.78e-9,educ,TRUE,reported,K5Q3Oh,2,TRUE,NA
rs4981245,A,T,A,T,0.008,-2.729e-4,0.5323,0.578118,FALSE,TRUE,TRUE,7rgHSI,0.004121,0.9472,ab42,TRUE,reported,0.00142,1.58e-8,educ,TRUE,reported,K5Q3Oh,2,FALSE,NA
rs4984613,G,T,G,T,-0.01739,0.00509,0.94218,0.9185556,FALSE,FALSE,FALSE,7rgHSI,0.007971,0.5232,ab42,TRUE,reported,0.00283,7.76e-10,educ,TRUE,reported,K5Q3Oh,2,TRUE,NA
rs4984682,G,C,G,C,0.01379,0.006625,0.2228,0.246797,FALSE,TRUE,FALSE,7rgHSI,0.004758,0.1639,ab42,TRUE,reported,0.00167,1.82e-16,educ,TRUE,reported,K5Q3Oh,2,TRUE,NA
rs498887,C,A,C,A,0.0069,0.002809,0.568,0.559301,FALSE,FALSE,FALSE,7rgHSI,0.004164,0.5,ab42,TRUE,reported,0.00142,1.22e-6,educ,TRUE,reported,K5Q3Oh,2,TRUE,NA
rs5002966,G,C,G,C,0.01023,-0.002706,0.4677,0.486418,FALSE,TRUE,TRUE,7rgHSI,0.004023,0.5012,ab42,TRUE,reported,0.00191,8.4e-8,educ,TRUE,reported,K5Q3Oh,2,FALSE,NA
rs521671,T,C,T,C,0.02152,-0.02446,0.96599,0.9552048,FALSE,FALSE,FALSE,7rgHSI,0.01132,0.03086,ab42,TRUE,reported,0.00453,2.07e-6,educ,TRUE,reported,K5Q3Oh,2,TRUE,NA
rs527801,G,A,G,A,-0.00897,-2.199e-4,0.7772,0.793609,FALSE,FALSE,FALSE,7rgHSI,0.004951,0.9646,ab42,TRUE,reported,0.00171,1.46e-7,educ,TRUE,reported,K5Q3Oh,2,TRUE,NA
rs533241,T,C,T,C,-0.00951,-5.839e-4,0.8469,0.843579,FALSE,FALSE,FALSE,7rgHSI,0.005409,0.914,ab42,TRUE,reported,0.00193,7.92e-7,educ,TRUE,reported,K5Q3Oh,2,TRUE,NA
rs537342,T,C,T,C,-0.00782,1.918e-4,0.4099,0.428981,FALSE,FALSE,FALSE,7rgHSI,0.004131,0.963,ab42,TRUE,reported,0.00144,6.09e-8,educ,TRUE,reported,K5Q3Oh,2,TRUE,NA
rs5396,T,C,T,C,0.0085,0.006452,0.7109,0.704943,FALSE,FALSE,FALSE,7rgHSI,0.004428,0.1452,ab42,TRUE,reported,0.00156,5.33e-8,educ,TRUE,reported,K5Q3Oh,2,TRUE,NA
rs548897,G,A,G,A,-0.00805,0.004911,0.5697,0.5657840000000001,FALSE,FALSE,FALSE,7rgHSI,0.004126,0.2341,ab42,TRUE,reported,0.00141,1.1e-8,educ,TRUE,reported,K5Q3Oh,2,TRUE,NA
rs550021,A,G,A,G,0.00666,-0.001175,0.5884,0.573283,FALSE,FALSE,FALSE,7rgHSI,0.004044,0.7715,ab42,TRUE,reported,0.00142,2.56e-6,educ,TRUE,reported,K5Q3Oh,2,TRUE,NA
rs550781,G,T,G,T,-0.00796,-0.00548,0.335,0.345919,FALSE,FALSE,FALSE,7rgHSI,0.004262,0.1986,ab42,TRUE,reported,0.00149,9.98e-8,educ,TRUE,reported,K5Q3Oh,2,TRUE,NA
rs552237,G,A,G,A,-0.00699,-0.002149,0.4796,0.512134,FALSE,FALSE,FALSE,7rgHSI,0.004052,0.5958,ab42,TRUE,reported,0.0014,6.2e-7,educ,TRUE,reported,K5Q3Oh,2,TRUE,NA
rs553140,A,T,A,T,-0.00933,8.81e-4,0.6565,0.674515,FALSE,TRUE,FALSE,7rgHSI,0.004262,0.8363,ab42,TRUE,reported,0.0018,2.37e-7,educ,TRUE,reported,K5Q3Oh,2,TRUE,NA
rs556610,C,G,C,G,0.009,-0.003011,0.1616,0.158793,FALSE,TRUE,FALSE,7rgHSI,0.005407,0.5776,ab42,TRUE,reported,0.00192,2.94e-6,educ,TRUE,reported,K5Q3Oh,2,TRUE,NA
rs55675587,C,T,C,T,0.01035,-0.008076,0.8129,0.8062670000000001,FALSE,FALSE,FALSE,7rgHSI,0.005105,0.1138,ab42,TRUE,reported,0.00178,5.92e-9,educ,TRUE,reported,K5Q3Oh,2,TRUE,NA
rs55736314,C,G,C,G,-0.01543,-0.002797,0.5833,0.613305,FALSE,TRUE,FALSE,7rgHSI,0.004327,0.5181,ab42,TRUE,reported,0.00143,4.59e-27,educ,TRUE,reported,K5Q3Oh,2,TRUE,NA
rs55772523,T,A,T,A,0.0207,-0.001709,0.059520000000000003,0.0591623,FALSE,TRUE,FALSE,7rgHSI,0.01016,0.8664,ab42,TRUE,reported,0.00307,1.44e-11,educ,TRUE,reported,K5Q3Oh,2,TRUE,NA
rs55783571,A,G,A,G,0.00716,-1.473e-4,0.3469,0.357576,FALSE,FALSE,FALSE,7rgHSI,0.00425,0.9724,ab42,TRUE,reported,0.00147,1.08e-6,educ,TRUE,reported,K5Q3Oh,2,TRUE,NA
rs55786114,T,C,T,C,-0.02677,-0.00455,0.06633,0.0694025,FALSE,FALSE,FALSE,7rgHSI,0.00893,0.6105,ab42,TRUE,reported,0.00274,1.56e-22,educ,TRUE,reported,K5Q3Oh,2,TRUE,NA
rs55812813,G,C,G,C,0.01675,-0.004646,0.94898,0.9532646,FALSE,TRUE,FALSE,7rgHSI,0.008916,0.6023,ab42,TRUE,reported,0.00334,5.35e-7,educ,TRUE,reported,K5Q3Oh,2,TRUE,NA
rs55826493,G,T,G,T,0.01271,-0.004289,0.8724,0.88514,FALSE,FALSE,FALSE,7rgHSI,0.006371,0.5009,ab42,TRUE,reported,0.00215,3.16e-9,educ,TRUE,reported,K5Q3Oh,2,TRUE,NA
rs55876360,T,G,T,G,0.01053,0.006514,0.8895,0.870681,FALSE,FALSE,FALSE,7rgHSI,0.006222,0.2952,ab42,TRUE,reported,0.00205,2.87e-7,educ,TRUE,reported,K5Q3Oh,2,TRUE,NA
rs55881067,A,G,A,G,-0.00724,0.003628,0.4847,0.4662,FALSE,FALSE,FALSE,7rgHSI,0.004179,0.3854,ab42,TRUE,reported,0.0014,2.5e-7,educ,TRUE,reported,K5Q3Oh,2,TRUE,NA
rs55923193,A,G,A,G,0.00835,0.002099,0.2126,0.199661,FALSE,FALSE,FALSE,7rgHSI,0.004933,0.6705,ab42,TRUE,reported,0.0017,8.68e-7,educ,TRUE,reported,K5Q3Oh,2,TRUE,NA
rs55986781,T,C,T,C,0.01873,-0.001927,0.09184,0.0800585,FALSE,FALSE,FALSE,7rgHSI,0.008181,0.8138,ab42,TRUE,reported,0.00256,2.27e-13,educ,TRUE,reported,K5Q3Oh,2,TRUE,NA
rs56004000,C,T,C,T,0.00902,-0.004562,0.7891,0.7506470000000001,FALSE,FALSE,FALSE,7rgHSI,0.004954,0.3572,ab42,TRUE,reported,0.00173,1.72e-7,educ,TRUE,reported,K5Q3Oh,2,TRUE,NA
rs56012105,T,G,T,G,-0.00766,-4.069e-4,0.585,0.603465,FALSE,FALSE,FALSE,7rgHSI,0.004105,0.921,ab42,TRUE,reported,0.00143,9.09e-8,educ,TRUE,reported,K5Q3Oh,2,TRUE,NA
rs56013521,C,T,C,T,-0.00737,-0.00605,0.4371,0.392439,FALSE,FALSE,FALSE,7rgHSI,0.004225,0.1522,ab42,TRUE,reported,0.00142,2.08e-7,educ,TRUE,reported,K5Q3Oh,2,TRUE,NA
rs56016194,C,G,C,G,-0.00673,0.004573,0.4218,0.432353,FALSE,TRUE,TRUE,7rgHSI,0.004056,0.2597,ab42,TRUE,reported,0.00141,1.93e-6,educ,TRUE,reported,K5Q3Oh,2,FALSE,NA
rs56077320,A,G,A,G,0.00931,-0.009,0.8401,0.840253,FALSE,FALSE,FALSE,7rgHSI,0.005523,0.1033,ab42,TRUE,reported,0.0019,9.84e-7,educ,TRUE,reported,K5Q3Oh,2,TRUE,NA
rs56174996,G,A,G,A,0.01432,0.008394,0.8554,0.859532,FALSE,FALSE,FALSE,7rgHSI,0.005922,0.1565,ab42,TRUE,reported,0.00205,2.81e-12,educ,TRUE,reported,K5Q3Oh,2,TRUE,NA
rs56224965,G,A,G,A,0.01208,0.001587,0.8741,0.9016785,FALSE,FALSE,FALSE,7rgHSI,0.006643,0.8112,ab42,TRUE,reported,0.00226,8.81e-8,educ,TRUE,reported,K5Q3Oh,2,TRUE,NA
rs56226421,A,G,A,G,0.00984,-0.002067,0.1276,0.128734,FALSE,FALSE,FALSE,7rgHSI,0.006014,0.7311,ab42,TRUE,reported,0.00209,2.61e-6,educ,TRUE,reported,K5Q3Oh,2,TRUE,NA
rs56301739,C,T,C,T,-0.00884,0.008523,0.2228,0.219695,FALSE,FALSE,FALSE,7rgHSI,0.004939,0.08448,ab42,TRUE,reported,0.0017,2.03e-7,educ,TRUE,reported,K5Q3Oh,2,TRUE,NA
rs56306882,G,A,G,A,-0.00864,0.01132,0.7262,0.732753,FALSE,FALSE,FALSE,7rgHSI,0.004681,0.0156,ab42,TRUE,reported,0.00158,4.82e-8,educ,TRUE,reported,K5Q3Oh,2,TRUE,NA
rs56317320,G,T,G,T,0.00771,0.001099,0.3486,0.38584799999999997,FALSE,FALSE,FALSE,7rgHSI,0.0041660000000000004,0.7921,ab42,TRUE,reported,0.00144,8.9e-8,educ,TRUE,reported,K5Q3Oh,2,TRUE,NA
rs56319902,C,T,C,T,0.02064,-0.002188,0.7636,0.7960119999999999,FALSE,FALSE,FALSE,7rgHSI,0.005094,0.6676,ab42,TRUE,reported,0.00173,5.81e-33,educ,TRUE,reported,K5Q3Oh,2,TRUE,NA
rs56367524,C,A,C,A,-0.00939,-0.01063,0.1854,0.170188,FALSE,FALSE,FALSE,7rgHSI,0.005369,0.04785,ab42,TRUE,reported,0.00187,4.97e-7,educ,TRUE,reported,K5Q3Oh,2,TRUE,NA
rs56388393,G,C,G,C,-0.00828,-0.004463,0.7908,0.789744,FALSE,TRUE,FALSE,7rgHSI,0.004863,0.3588,ab42,TRUE,reported,0.00171,1.25e-6,educ,TRUE,reported,K5Q3Oh,2,TRUE,NA
rs56391344,A,G,A,G,0.01475,0.001425,0.2381,0.247829,FALSE,FALSE,FALSE,7rgHSI,0.004615,0.7575,ab42,TRUE,reported,0.00162,7.49e-20,educ,TRUE,reported,K5Q3Oh,2,TRUE,NA
rs563954,A,G,A,G,-0.00812,-0.004749,0.4881,0.498783,FALSE,FALSE,FALSE,7rgHSI,0.004096,0.2465,ab42,TRUE,reported,0.00143,1.34e-8,educ,TRUE,reported,K5Q3Oh,2,TRUE,NA
rs56405138,T,A,T,A,-0.01526,0.006927,0.8912,0.877518,FALSE,TRUE,FALSE,7rgHSI,0.006383,0.2779,ab42,TRUE,reported,0.00215,1.31e-12,educ,TRUE,reported,K5Q3Oh,2,TRUE,NA
rs56408528,T,C,T,C,-0.00816,4.34e-4,0.5051,0.5232680000000001,FALSE,FALSE,FALSE,7rgHSI,0.004056,0.9148,ab42,TRUE,reported,0.00141,7.47e-9,educ,TRUE,reported,K5Q3Oh,2,TRUE,NA
rs567003,A,G,A,G,0.00935,1.248e-4,0.369,0.34365599999999996,FALSE,FALSE,FALSE,7rgHSI,0.004277,0.9767,ab42,TRUE,reported,0.00147,2.27e-10,educ,TRUE,reported,K5Q3Oh,2,TRUE,NA
rs56794817,G,A,G,A,-0.0122,-0.003192,0.8605,0.830336,FALSE,FALSE,FALSE,7rgHSI,0.005497,0.5615,ab42,TRUE,reported,0.00191,1.69e-10,educ,TRUE,reported,K5Q3Oh,2,TRUE,NA
rs56803834,A,G,A,G,-0.00688,0.01018,0.6344,0.655189,FALSE,FALSE,FALSE,7rgHSI,0.004312,0.01823,ab42,TRUE,reported,0.00146,2.47e-6,educ,TRUE,reported,K5Q3Oh,2,TRUE,NA
rs569638,A,G,A,G,-0.01025,0.003596,0.1037,0.125331,FALSE,FALSE,FALSE,7rgHSI,0.006383,0.5732,ab42,TRUE,reported,0.00216,2.03e-6,educ,TRUE,reported,K5Q3Oh,2,TRUE,NA
rs57016874,C,T,C,T,-0.02085,-0.006583,0.95238,0.9625654,FALSE,FALSE,FALSE,7rgHSI,0.01039,0.5262,ab42,TRUE,reported,0.00371,1.9e-8,educ,TRUE,reported,K5Q3Oh,2,TRUE,NA
rs57081355,T,C,T,C,-0.01338,0.01347,0.07653,0.0951494,FALSE,FALSE,FALSE,7rgHSI,0.006909,0.05129,ab42,TRUE,reported,0.00251,1.01e-7,educ,TRUE,reported,K5Q3Oh,2,TRUE,NA
rs57148205,G,A,G,A,-0.00954,0.00266,0.7449,0.7438100000000001,FALSE,FALSE,FALSE,7rgHSI,0.004688,0.5704,ab42,TRUE,reported,0.00163,5.17e-9,educ,TRUE,reported,K5Q3Oh,2,TRUE,NA
rs57308908,A,G,A,G,0.00737,-0.00457,0.733,0.703419,FALSE,FALSE,FALSE,7rgHSI,0.004277,0.2854,ab42,TRUE,reported,0.00152,1.24e-6,educ,TRUE,reported,K5Q3Oh,2,TRUE,NA
rs57352738,T,A,T,A,0.01519,0.003992,0.7721,0.799353,FALSE,TRUE,FALSE,7rgHSI,0.004963,0.4213,ab42,TRUE,reported,0.00174,2.51e-18,educ,TRUE,reported,K5Q3Oh,2,TRUE,NA
rs57418605,T,C,T,C,0.00818,5.426e-4,0.7942,0.7759780000000001,FALSE,FALSE,FALSE,7rgHSI,0.004882,0.9115,ab42,TRUE,reported,0.00167,9.7e-7,educ,TRUE,reported,K5Q3Oh,2,TRUE,NA
rs575113,A,G,A,G,0.01326,-0.003164,0.2772,0.290622,FALSE,FALSE,FALSE,7rgHSI,0.004673,0.4984,ab42,TRUE,reported,0.00154,7.52e-18,educ,TRUE,reported,K5Q3Oh,2,TRUE,NA
rs5754581,T,C,T,C,-0.00822,0.002457,0.5544,0.546874,FALSE,FALSE,FALSE,7rgHSI,0.004206,0.5591,ab42,TRUE,reported,0.00141,5.85e-9,educ,TRUE,reported,K5Q3Oh,2,TRUE,NA
rs5754753,C,T,C,T,0.0126,-7.166e-4,0.267,0.257884,FALSE,FALSE,FALSE,7rgHSI,0.004567,0.8753,ab42,TRUE,reported,0.00156,6.15e-16,educ,TRUE,reported,K5Q3Oh,2,TRUE,NA
rs5754762,G,A,G,A,-0.01972,-0.007941,0.05612,0.0626116,FALSE,FALSE,FALSE,7rgHSI,0.008871,0.3708,ab42,TRUE,reported,0.00297,2.95e-11,educ,TRUE,reported,K5Q3Oh,2,TRUE,NA
rs57616316,T,C,T,C,0.01645,-0.002346,0.04252,0.0537111,FALSE,FALSE,FALSE,7rgHSI,0.008799,0.7898,ab42,TRUE,reported,0.0033,6.26e-7,educ,TRUE,reported,K5Q3Oh,2,TRUE,NA
rs5762686,G,A,G,A,0.00706,0.001357,0.6803,0.674269,FALSE,FALSE,FALSE,7rgHSI,0.004468,0.7614,ab42,TRUE,reported,0.00152,3.21e-6,educ,TRUE,reported,K5Q3Oh,2,TRUE,NA
rs57628766,A,C,A,C,-0.01346,-0.0164,0.07483,0.0780567,FALSE,FALSE,FALSE,7rgHSI,0.0081,0.04296,ab42,TRUE,reported,0.00272,7.65e-7,educ,TRUE,reported,K5Q3Oh,2,TRUE,NA
rs5764204,A,C,A,C,-0.00764,-0.001441,0.2483,0.251309,FALSE,FALSE,FALSE,7rgHSI,0.004735,0.7609,ab42,TRUE,reported,0.00161,1.96e-6,educ,TRUE,reported,K5Q3Oh,2,TRUE,NA
rs5765717,G,T,G,T,0.00739,0.003105,0.5136,0.521836,FALSE,FALSE,FALSE,7rgHSI,0.004038,0.4419,ab42,TRUE,reported,0.0014,1.37e-7,educ,TRUE,reported,K5Q3Oh,2,TRUE,NA
rs57661533,C,T,C,T,0.01138,0.004673,0.8673,0.851016,FALSE,FALSE,FALSE,7rgHSI,0.005751,0.4165,ab42,TRUE,reported,0.00206,3.24e-8,educ,TRUE,reported,K5Q3Oh,2,TRUE,NA
rs57994514,A,C,A,C,-0.01021,0.003381,0.1327,0.135879,FALSE,FALSE,FALSE,7rgHSI,0.005996,0.5729,ab42,TRUE,reported,0.00208,9.33e-7,educ,TRUE,reported,K5Q3Oh,2,TRUE,NA
rs580652,T,C,T,C,-0.0147,0.009414,0.898,0.885063,FALSE,FALSE,FALSE,7rgHSI,0.006622,0.1552,ab42,TRUE,reported,0.00236,4.65e-10,educ,TRUE,reported,K5Q3Oh,2,TRUE,NA
rs58125559,G,A,G,A,-0.01325,-0.005068,0.91327,0.9048044,FALSE,FALSE,FALSE,7rgHSI,0.006913,0.4636,ab42,TRUE,reported,0.00251,1.34e-7,educ,TRUE,reported,K5Q3Oh,2,TRUE,NA
rs58197197,T,C,T,C,0.01001,0.004065,0.8537,0.836018,FALSE,FALSE,FALSE,7rgHSI,0.005677,0.4741,ab42,TRUE,reported,0.00203,8.47e-7,educ,TRUE,reported,K5Q3Oh,2,TRUE,NA
rs584124,G,A,G,A,-0.00653,-0.002884,0.4592,0.40868499999999996,FALSE,FALSE,FALSE,7rgHSI,0.004116,0.4835,ab42,TRUE,reported,0.00142,4.48e-6,educ,TRUE,reported,K5Q3Oh,2,TRUE,NA
rs585557,G,A,G,A,-0.01282,-0.002781,0.2211,0.201986,FALSE,FALSE,FALSE,7rgHSI,0.005166,0.5904,ab42,TRUE,reported,0.00176,3.25e-13,educ,TRUE,reported,K5Q3Oh,2,TRUE,NA
rs58779949,C,A,C,A,-0.01101,-0.003526,0.8333,0.848614,FALSE,FALSE,FALSE,7rgHSI,0.005533,0.5239,ab42,TRUE,reported,0.00187,3.84e-9,educ,TRUE,reported,K5Q3Oh,2,TRUE,NA
rs58950082,C,T,C,T,-0.0095,0.00247,0.2381,0.205836,FALSE,FALSE,FALSE,7rgHSI,0.004918,0.6156,ab42,TRUE,reported,0.00174,4.77e-8,educ,TRUE,reported,K5Q3Oh,2,TRUE,NA
rs58996896,G,A,G,A,0.00938,-0.003977,0.2483,0.243887,FALSE,FALSE,FALSE,7rgHSI,0.004664,0.3939,ab42,TRUE,reported,0.0016,4.23e-9,educ,TRUE,reported,K5Q3Oh,2,TRUE,NA
rs590013,C,T,C,T,-0.01001,-0.003806,0.3639,0.349707,FALSE,FALSE,FALSE,7rgHSI,0.004237,0.3692,ab42,TRUE,reported,0.0015,2.47e-11,educ,TRUE,reported,K5Q3Oh,2,TRUE,NA
rs590414,T,A,T,A,0.00724,0.005995,0.534,0.516923,FALSE,TRUE,TRUE,7rgHSI,0.004103,0.1441,ab42,TRUE,reported,0.0014,2.44e-7,educ,TRUE,reported,K5Q3Oh,2,FALSE,NA
rs59300999,T,C,T,C,-0.01636,0.00627,0.93707,0.9178934,FALSE,FALSE,FALSE,7rgHSI,0.007731,0.4174,ab42,TRUE,reported,0.0028,4.85e-9,educ,TRUE,reported,K5Q3Oh,2,TRUE,NA
rs59327961,C,T,C,T,-0.00774,-1.625e-4,0.6939,0.728318,FALSE,FALSE,FALSE,7rgHSI,0.004549,0.9715,ab42,TRUE,reported,0.0016,1.38e-6,educ,TRUE,reported,K5Q3Oh,2,TRUE,NA
rs59480703,G,C,G,C,0.01233,0.004768,0.8367,0.790791,FALSE,TRUE,FALSE,7rgHSI,0.005215,0.3606,ab42,TRUE,reported,0.00178,3.97e-12,educ,TRUE,reported,K5Q3Oh,2,TRUE,NA
rs59658357,A,G,A,G,-0.01257,0.0059,0.08163,0.0972436,FALSE,FALSE,FALSE,7rgHSI,0.007562,0.4353,ab42,TRUE,reported,0.00254,7.39e-7,educ,TRUE,reported,K5Q3Oh,2,TRUE,NA
rs59813324,G,T,G,T,-0.00965,-0.002529,0.7942,0.790052,FALSE,FALSE,FALSE,7rgHSI,0.005022,0.6146,ab42,TRUE,reported,0.00176,4.15e-8,educ,TRUE,reported,K5Q3Oh,2,TRUE,NA
rs6001673,C,A,C,A,-0.00836,0.002399,0.1905,0.218602,FALSE,FALSE,FALSE,7rgHSI,0.005121,0.6395,ab42,TRUE,reported,0.00172,1.22e-6,educ,TRUE,reported,K5Q3Oh,2,TRUE,NA
rs60030196,C,T,C,T,0.00867,0.006634,0.7602,0.708315,FALSE,FALSE,FALSE,7rgHSI,0.004584,0.1479,ab42,TRUE,reported,0.00161,7.25e-8,educ,TRUE,reported,K5Q3Oh,2,TRUE,NA
rs60096640,G,A,G,A,-0.0159,0.007814,0.09864,0.143455,FALSE,FALSE,FALSE,7rgHSI,0.00616,0.2047,ab42,TRUE,reported,0.00226,2.24e-12,educ,TRUE,reported,K5Q3Oh,2,TRUE,NA
rs6020560,C,T,C,T,0.00827,0.002214,0.4779,0.48611,FALSE,FALSE,FALSE,7rgHSI,0.00407,0.5866,ab42,TRUE,reported,0.0014,3.84e-9,educ,TRUE,reported,K5Q3Oh,2,TRUE,NA
rs6020911,T,C,T,C,0.00645,5.03e-4,0.4949,0.446859,FALSE,FALSE,FALSE,7rgHSI,0.004139,0.9033,ab42,TRUE,reported,0.00141,4.84e-6,educ,TRUE,reported,K5Q3Oh,2,TRUE,NA
rs60227577,A,G,A,G,-0.02038,-0.008629,0.95578,0.9641361,FALSE,FALSE,FALSE,7rgHSI,0.01182,0.4653,ab42,TRUE,reported,0.00405,4.8e-7,educ,TRUE,reported,K5Q3Oh,2,TRUE,NA
rs6027138,A,G,A,G,-0.00912,0.004512,0.7823,0.184401,FALSE,FALSE,FALSE,7rgHSI,0.005331,0.3974,ab42,TRUE,reported,0.00174,1.54e-7,educ,TRUE,reported,K5Q3Oh,2,TRUE,NA
rs6035444,T,C,T,C,-0.00868,0.003483,0.1633,0.184878,FALSE,FALSE,FALSE,7rgHSI,0.005225,0.505,ab42,TRUE,reported,0.00183,2.04e-6,educ,TRUE,reported,K5Q3Oh,2,TRUE,NA
rs6043521,C,T,C,T,0.00828,0.001533,0.3895,0.37182,FALSE,FALSE,FALSE,7rgHSI,0.004198,0.7151,ab42,TRUE,reported,0.00144,9.72e-9,educ,TRUE,reported,K5Q3Oh,2,TRUE,NA
rs6043944,T,C,T,C,-0.00737,-7.232e-5,0.3554,0.32877999999999996,FALSE,FALSE,FALSE,7rgHSI,0.004445,0.987,ab42,TRUE,reported,0.0015,8.19e-7,educ,TRUE,reported,K5Q3Oh,2,TRUE,NA
rs60456602,G,A,G,A,0.00771,-0.008688,0.7772,0.786033,FALSE,FALSE,FALSE,7rgHSI,0.004843,0.07293,ab42,TRUE,reported,0.00169,4.84e-6,educ,TRUE,reported,K5Q3Oh,2,TRUE,NA
rs60547137,C,T,C,T,0.0135,1.639e-4,0.09184,0.097798,FALSE,FALSE,FALSE,7rgHSI,0.006586,0.9802,ab42,TRUE,reported,0.00248,5.39e-8,educ,TRUE,reported,K5Q3Oh,2,TRUE,NA
rs60551751,C,G,C,G,-0.0127,0.006303,0.08844,0.0903141,FALSE,TRUE,FALSE,7rgHSI,0.007777,0.4178,ab42,TRUE,reported,0.00266,1.89e-6,educ,TRUE,reported,K5Q3Oh,2,TRUE,NA
rs6060308,G,A,G,A,-0.00947,0.008165,0.7687,0.696797,FALSE,FALSE,FALSE,7rgHSI,0.00447,0.06783,ab42,TRUE,reported,0.00157,1.76e-9,educ,TRUE,reported,K5Q3Oh,2,TRUE,NA
rs6061619,A,G,A,G,0.0105,0.006436,0.8435,0.8357410000000001,FALSE,FALSE,FALSE,7rgHSI,0.005747,0.2628,ab42,TRUE,reported,0.00208,4.26e-7,educ,TRUE,reported,K5Q3Oh,2,TRUE,NA
rs6062182,T,C,T,C,-0.01347,-9.781e-4,0.06973,0.0771635,FALSE,FALSE,FALSE,7rgHSI,0.008207,0.9051,ab42,TRUE,reported,0.00282,1.74e-6,educ,TRUE,reported,K5Q3Oh,2,TRUE,NA
rs6065080,C,T,C,T,0.01296,-0.006606,0.6531,0.627626,FALSE,FALSE,FALSE,7rgHSI,0.004204,0.1162,ab42,TRUE,reported,0.00146,7.49e-19,educ,TRUE,reported,K5Q3Oh,2,TRUE,NA
rs6065784,G,C,G,C,-0.01098,-0.003318,0.2772,0.300816,FALSE,TRUE,FALSE,7rgHSI,0.004307,0.4411,ab42,TRUE,reported,0.00152,5.78e-13,educ,TRUE,reported,K5Q3Oh,2,TRUE,NA
rs6067645,A,G,A,G,-0.00759,0.007436,0.466,0.514275,FALSE,FALSE,FALSE,7rgHSI,0.004196,0.07643,ab42,TRUE,reported,0.00142,8.67e-8,educ,TRUE,reported,K5Q3Oh,2,TRUE,NA
rs60717745,C,G,C,G,-0.01178,0.001106,0.8622,0.840745,FALSE,TRUE,FALSE,7rgHSI,0.005522,0.8412,ab42,TRUE,reported,0.00193,1.08e-9,educ,TRUE,reported,K5Q3Oh,2,TRUE,NA
rs60726488,T,C,T,C,-0.00899,-0.006877,0.2211,0.234586,FALSE,FALSE,FALSE,7rgHSI,0.004769,0.1494,ab42,TRUE,reported,0.00161,2.35e-8,educ,TRUE,reported,K5Q3Oh,2,TRUE,NA
rs60727365,G,A,G,A,-0.01113,0.00195,0.1054,0.104373,FALSE,FALSE,FALSE,7rgHSI,0.00711,0.7839,ab42,TRUE,reported,0.0023,1.27e-6,educ,TRUE,reported,K5Q3Oh,2,TRUE,NA
rs6079556,A,C,A,C,-0.00703,0.003025,0.4286,0.44884500000000005,FALSE,FALSE,FALSE,7rgHSI,0.004027,0.4526,ab42,TRUE,reported,0.00144,9.79e-7,educ,TRUE,reported,K5Q3Oh,2,TRUE,NA
rs6088621,C,T,C,T,-0.00693,-0.001243,0.4388,0.404389,FALSE,FALSE,FALSE,7rgHSI,0.004195,0.767,ab42,TRUE,reported,0.00144,1.59e-6,educ,TRUE,reported,K5Q3Oh,2,TRUE,NA
rs6091570,A,G,A,G,0.00813,0.004488,0.3418,0.349168,FALSE,FALSE,FALSE,7rgHSI,0.004431,0.3111,ab42,TRUE,reported,0.00147,3.2e-8,educ,TRUE,reported,K5Q3Oh,2,TRUE,NA
rs60942669,G,A,G,A,-0.01553,-0.008364,0.93537,0.9339852,FALSE,FALSE,FALSE,7rgHSI,0.008528,0.3268,ab42,TRUE,reported,0.00291,9.43e-8,educ,TRUE,reported,K5Q3Oh,2,TRUE,NA
rs609777,A,G,A,G,-0.00771,0.003081,0.7177,0.696119,FALSE,FALSE,FALSE,7rgHSI,0.004332,0.477,ab42,TRUE,reported,0.00153,4.64e-7,educ,TRUE,reported,K5Q3Oh,2,TRUE,NA
rs610382,C,T,C,T,-0.00712,0.001751,0.3299,0.35753,FALSE,FALSE,FALSE,7rgHSI,0.004374,0.689,ab42,TRUE,reported,0.0015,1.94e-6,educ,TRUE,reported,K5Q3Oh,2,TRUE,NA
rs61040326,G,A,G,A,0.01519,0.01942,0.07653,0.0667693,FALSE,FALSE,FALSE,7rgHSI,0.008667,0.02514,ab42,TRUE,reported,0.00294,2.49e-7,educ,TRUE,reported,K5Q3Oh,2,TRUE,NA
rs61078946,A,T,A,T,-0.01198,0.004055,0.898,0.873314,FALSE,TRUE,FALSE,7rgHSI,0.006451,0.5297,ab42,TRUE,reported,0.00234,3.21e-7,educ,TRUE,reported,K5Q3Oh,2,TRUE,NA
rs61104616,A,G,A,G,-0.01721,0.006218,0.5357,0.515584,FALSE,FALSE,FALSE,7rgHSI,0.004057,0.1254,ab42,TRUE,reported,0.0014,1.56e-34,educ,TRUE,reported,K5Q3Oh,2,TRUE,NA
rs6119267,C,G,C,G,0.00773,-5.865e-4,0.7211,0.634986,FALSE,TRUE,FALSE,7rgHSI,0.004448,0.8951,ab42,TRUE,reported,0.0015,2.61e-7,educ,TRUE,reported,K5Q3Oh,2,TRUE,NA
rs6123924,A,G,A,G,0.01285,0.009379,0.8401,0.824376,FALSE,FALSE,FALSE,7rgHSI,0.005783,0.1049,ab42,TRUE,reported,0.00194,3.2e-11,educ,TRUE,reported,K5Q3Oh,2,TRUE,NA
rs612414,T,G,T,G,-0.00673,0.004691,0.3912,0.317216,FALSE,FALSE,FALSE,7rgHSI,0.004377,0.2839,ab42,TRUE,reported,0.00146,4.04e-6,educ,TRUE,reported,K5Q3Oh,2,TRUE,NA
rs61319473,T,C,T,C,-0.0191,0.00415,0.96769,0.9618571,FALSE,FALSE,FALSE,7rgHSI,0.01186,0.7265,ab42,TRUE,reported,0.00409,3.04e-6,educ,TRUE,reported,K5Q3Oh,2,TRUE,NA
rs613872,G,T,G,T,0.0163,-0.01317,0.1718,0.155821,FALSE,FALSE,FALSE,7rgHSI,0.00558,0.01833,ab42,TRUE,reported,0.0018600000000000001,1.95e-18,educ,TRUE,reported,K5Q3Oh,2,TRUE,NA
rs61527214,G,A,G,A,-0.01102,-0.004408,0.6054,0.627656,FALSE,FALSE,FALSE,7rgHSI,0.004265,0.3015,ab42,TRUE,reported,0.00143,1.13e-14,educ,TRUE,reported,K5Q3Oh,2,TRUE,NA
rs617380,C,T,C,T,0.0107,0.003573,0.7789,0.749754,FALSE,FALSE,FALSE,7rgHSI,0.004613,0.4387,ab42,TRUE,reported,0.00218,9.15e-7,educ,TRUE,reported,K5Q3Oh,2,TRUE,NA
rs61739710,G,A,G,A,0.00993,-5.811e-5,0.7058,0.719464,FALSE,FALSE,FALSE,7rgHSI,0.004652,0.99,ab42,TRUE,reported,0.00159,3.74e-10,educ,TRUE,reported,K5Q3Oh,2,TRUE,NA
rs61746505,G,C,G,C,-0.01603,0.006392,0.95238,0.9526794,FALSE,TRUE,FALSE,7rgHSI,0.00943,0.4979,ab42,TRUE,reported,0.00332,1.4e-6,educ,TRUE,reported,K5Q3Oh,2,TRUE,NA
rs61755388,T,C,T,C,0.01245,-0.004332,0.7993,0.812211,FALSE,FALSE,FALSE,7rgHSI,0.005126,0.3981,ab42,TRUE,reported,0.00171,3.88e-13,educ,TRUE,reported,K5Q3Oh,2,TRUE,NA
rs61782426,G,A,G,A,0.0135,0.01803,0.94728,0.9321374,FALSE,FALSE,FALSE,7rgHSI,0.008365,0.03123,ab42,TRUE,reported,0.0029,3.23e-6,educ,TRUE,reported,K5Q3Oh,2,TRUE,NA
rs61793786,T,G,T,G,-0.00858,-0.005977,0.1752,0.189221,FALSE,FALSE,FALSE,7rgHSI,0.005113,0.2425,ab42,TRUE,reported,0.00175,9.65e-7,educ,TRUE,reported,K5Q3Oh,2,TRUE,NA
rs61798586,C,A,C,A,0.01119,9.165e-5,0.8401,0.861549,FALSE,FALSE,FALSE,7rgHSI,0.005991,0.9878,ab42,TRUE,reported,0.00199,2.05e-8,educ,TRUE,reported,K5Q3Oh,2,TRUE,NA
rs618401,A,G,A,G,0.00716,0.002839,0.5034,0.533477,FALSE,FALSE,FALSE,7rgHSI,0.004068,0.4853,ab42,TRUE,reported,0.00141,4.12e-7,educ,TRUE,reported,K5Q3Oh,2,TRUE,NA
rs61853335,T,C,T,C,-0.01088,-0.001535,0.1956,0.17952,FALSE,FALSE,FALSE,7rgHSI,0.005359,0.7745,ab42,TRUE,reported,0.00184,3.29e-9,educ,TRUE,reported,K5Q3Oh,2,TRUE,NA
rs61855292,T,C,T,C,0.00718,-0.001799,0.4439,0.408731,FALSE,FALSE,FALSE,7rgHSI,0.004172,0.6663,ab42,TRUE,reported,0.00142,4.59e-7,educ,TRUE,reported,K5Q3Oh,2,TRUE,NA
rs61874089,G,A,G,A,-0.01736,-0.009026,0.95918,0.9556206,FALSE,FALSE,FALSE,7rgHSI,0.01122,0.4212,ab42,TRUE,reported,0.00321,6.7e-8,educ,TRUE,reported,K5Q3Oh,2,TRUE,NA
rs61894507,A,G,A,G,-0.00748,-0.003395,0.3078,0.315722,FALSE,FALSE,FALSE,7rgHSI,0.004384,0.4388,ab42,TRUE,reported,0.0015,6.48e-7,educ,TRUE,reported,K5Q3Oh,2,TRUE,NA
rs61947373,G,A,G,A,-0.00685,5.879e-4,0.5663,0.595303,FALSE,FALSE,FALSE,7rgHSI,0.004175,0.888,ab42,TRUE,reported,0.00142,1.29e-6,educ,TRUE,reported,K5Q3Oh,2,TRUE,NA
rs61993073,T,C,T,C,0.01048,0.0232,0.1514,0.125023,FALSE,FALSE,FALSE,7rgHSI,0.006167,1.721e-4,ab42,TRUE,reported,0.00212,7.92e-7,educ,TRUE,reported,K5Q3Oh,2,TRUE,NA
rs61997667,C,T,C,T,0.01436,-0.001633,0.8486,0.8621030000000001,FALSE,FALSE,FALSE,7rgHSI,0.006005,0.7856,ab42,TRUE,reported,0.00196,2.24e-13,educ,TRUE,reported,K5Q3Oh,2,TRUE,NA
rs62018216,G,T,G,T,-0.01135,0.004028,0.8724,0.860764,FALSE,FALSE,FALSE,7rgHSI,0.005524,0.4659,ab42,TRUE,reported,0.00194,4.83e-9,educ,TRUE,reported,K5Q3Oh,2,TRUE,NA
rs62051146,C,A,C,A,0.01341,0.01145,0.1037,0.107776,FALSE,FALSE,FALSE,7rgHSI,0.006772,0.09096,ab42,TRUE,reported,0.00223,1.79e-9,educ,TRUE,reported,K5Q3Oh,2,TRUE,NA
rs62066708,G,A,G,A,-0.01479,0.01485,0.94728,0.947567,FALSE,FALSE,FALSE,7rgHSI,0.009297,0.1102,ab42,TRUE,reported,0.00295,5.22e-7,educ,TRUE,reported,K5Q3Oh,2,TRUE,NA
rs62090515,A,G,A,G,-0.00901,-0.006313,0.3554,0.337604,FALSE,FALSE,FALSE,7rgHSI,0.004231,0.1358,ab42,TRUE,reported,0.00146,6.88e-10,educ,TRUE,reported,K5Q3Oh,2,TRUE,NA
rs62092949,T,C,T,C,-0.00874,-0.002088,0.4626,0.47721,FALSE,FALSE,FALSE,7rgHSI,0.004189,0.6183,ab42,TRUE,reported,0.0014,4.86e-10,educ,TRUE,reported,K5Q3Oh,2,TRUE,NA
rs62109862,G,A,G,A,-0.01358,6.366e-4,0.8656,0.848168,FALSE,FALSE,FALSE,7rgHSI,0.005892,0.914,ab42,TRUE,reported,0.00204,2.85e-11,educ,TRUE,reported,K5Q3Oh,2,TRUE,NA
rs62122067,G,A,G,A,-0.00734,0.001661,0.7347,0.730982,FALSE,FALSE,FALSE,7rgHSI,0.004724,0.7252,ab42,TRUE,reported,0.00161,4.95e-6,educ,TRUE,reported,K5Q3Oh,2,TRUE,NA
rs62142891,G,A,G,A,-0.01083,-0.003074,0.7449,0.7494149999999999,FALSE,FALSE,FALSE,7rgHSI,0.004575,0.5017,ab42,TRUE,reported,0.00159,1.05e-11,educ,TRUE,reported,K5Q3Oh,2,TRUE,NA
rs62155770,G,A,G,A,0.01963,-0.01561,0.059520000000000003,0.0478134,FALSE,FALSE,FALSE,7rgHSI,0.01061,0.1415,ab42,TRUE,reported,0.00318,6.88e-10,educ,TRUE,reported,K5Q3Oh,2,TRUE,NA
rs62155873,T,C,T,C,-0.01512,0.005427,0.1139,0.11931,FALSE,FALSE,FALSE,7rgHSI,0.006598,0.4108,ab42,TRUE,reported,0.00214,1.65e-12,educ,TRUE,reported,K5Q3Oh,2,TRUE,NA
rs62174974,G,A,G,A,0.01052,-0.004673,0.7772,0.792501,FALSE,FALSE,FALSE,7rgHSI,0.005174,0.3665,ab42,TRUE,reported,0.00177,2.76e-9,educ,TRUE,reported,K5Q3Oh,2,TRUE,NA
rs62179650,A,G,A,G,0.01122,7.773e-4,0.2908,0.272251,FALSE,FALSE,FALSE,7rgHSI,0.00448,0.8623,ab42,TRUE,reported,0.00156,5.66e-13,educ,TRUE,reported,K5Q3Oh,2,TRUE,NA
rs62181533,C,A,C,A,-0.00715,8.62e-4,0.4983,0.493163,FALSE,FALSE,FALSE,7rgHSI,0.004055,0.8317,ab42,TRUE,reported,0.00141,4.14e-7,educ,TRUE,reported,K5Q3Oh,2,TRUE,NA
rs62182994,T,C,T,C,0.0137,5.378e-4,0.7347,0.720326,FALSE,FALSE,FALSE,7rgHSI,0.004417,0.9031,ab42,TRUE,reported,0.00152,2.55e-19,educ,TRUE,reported,K5Q3Oh,2,TRUE,NA
rs62190914,T,C,T,C,0.00886,0.003288,0.6361,0.632214,FALSE,FALSE,FALSE,7rgHSI,0.004205,0.4343,ab42,TRUE,reported,0.00146,1.25e-9,educ,TRUE,reported,K5Q3Oh,2,TRUE,NA
rs622169,C,T,C,T,-0.00861,-0.008602,0.5323,0.573591,FALSE,FALSE,FALSE,7rgHSI,0.00438,0.04965,ab42,TRUE,reported,0.00145,2.73e-9,educ,TRUE,reported,K5Q3Oh,2,TRUE,NA
rs62252819,T,A,T,A,0.00942,-7.202e-4,0.2398,0.23785,FALSE,TRUE,FALSE,7rgHSI,0.004627,0.8763,ab42,TRUE,reported,0.00165,1.2e-8,educ,TRUE,reported,K5Q3Oh,2,TRUE,NA
rs62256284,C,T,C,T,-0.01108,-0.004809,0.784,0.762535,FALSE,FALSE,FALSE,7rgHSI,0.004724,0.3087,ab42,TRUE,reported,0.00172,1.32e-10,educ,TRUE,reported,K5Q3Oh,2,TRUE,NA
rs62260764,C,G,C,G,-0.01318,-0.002459,0.2857,0.242439,FALSE,TRUE,FALSE,7rgHSI,0.00465,0.5969,ab42,TRUE,reported,0.00162,3.45e-16,educ,TRUE,reported,K5Q3Oh,2,TRUE,NA
rs62270937,G,T,G,T,0.00658,0.001119,0.4354,0.412134,FALSE,FALSE,FALSE,7rgHSI,0.004142,0.787,ab42,TRUE,reported,0.00144,4.84e-6,educ,TRUE,reported,K5Q3Oh,2,TRUE,NA
rs62306379,A,T,A,T,0.00813,-0.004962,0.2432,0.242963,FALSE,TRUE,FALSE,7rgHSI,0.004682,0.2893,ab42,TRUE,reported,0.00163,6.2e-7,educ,TRUE,reported,K5Q3Oh,2,TRUE,NA
rs62336057,A,G,A,G,-0.00714,4.839e-4,0.4592,0.478534,FALSE,FALSE,FALSE,7rgHSI,0.004014,0.9041,ab42,TRUE,reported,0.00143,5.79e-7,educ,TRUE,reported,K5Q3Oh,2,TRUE,NA
rs62340636,G,T,G,T,-0.01025,-0.00139,0.3707,0.397798,FALSE,FALSE,FALSE,7rgHSI,0.004289,0.746,ab42,TRUE,reported,0.00145,1.47e-12,educ,TRUE,reported,K5Q3Oh,2,TRUE,NA
rs62367470,T,C,T,C,0.00945,0.001521,0.1565,0.1838,FALSE,FALSE,FALSE,7rgHSI,0.005217,0.7706,ab42,TRUE,reported,0.00185,3.34e-7,educ,TRUE,reported,K5Q3Oh,2,TRUE,NA
rs62370504,G,A,G,A,0.0162,0.002843,0.03912,0.0432245,FALSE,FALSE,FALSE,7rgHSI,0.00975,0.7706,ab42,TRUE,reported,0.00334,1.22e-6,educ,TRUE,reported,K5Q3Oh,2,TRUE,NA
rs62370510,A,T,A,T,-0.01089,0.003928,0.1684,0.17322100000000001,FALSE,TRUE,FALSE,7rgHSI,0.005449,0.471,ab42,TRUE,reported,0.00187,5.59e-9,educ,TRUE,reported,K5Q3Oh,2,TRUE,NA
rs62379838,T,C,T,C,0.01213,-0.001352,0.6837,0.706406,FALSE,FALSE,FALSE,7rgHSI,0.004453,0.7614,ab42,TRUE,reported,0.00152,1.77e-15,educ,TRUE,reported,K5Q3Oh,2,TRUE,NA
rs62420387,T,C,T,C,-0.01845,-0.001211,0.059520000000000003,0.0842162,FALSE,FALSE,FALSE,7rgHSI,0.008479,0.8864,ab42,TRUE,reported,0.00268,6.16e-12,educ,TRUE,reported,K5Q3Oh,2,TRUE,NA
rs62462895,A,G,A,G,0.00807,-0.001477,0.7891,0.812011,FALSE,FALSE,FALSE,7rgHSI,0.005022,0.7687,ab42,TRUE,reported,0.00173,2.91e-6,educ,TRUE,reported,K5Q3Oh,2,TRUE,NA
rs62474371,G,A,G,A,0.00728,-1.488e-4,0.2925,0.285125,FALSE,FALSE,FALSE,7rgHSI,0.004455,0.9734,ab42,TRUE,reported,0.00157,3.54e-6,educ,TRUE,reported,K5Q3Oh,2,TRUE,NA
rs62486443,A,G,A,G,0.007,0.003953,0.3027,0.316292,FALSE,FALSE,FALSE,7rgHSI,0.004401,0.3691,ab42,TRUE,reported,0.00151,3.38e-6,educ,TRUE,reported,K5Q3Oh,2,TRUE,NA
rs62506104,A,G,A,G,-0.00978,-0.009593,0.1854,0.18708,FALSE,FALSE,FALSE,7rgHSI,0.005118,0.061,ab42,TRUE,reported,0.00178,3.93e-8,educ,TRUE,reported,K5Q3Oh,2,TRUE,NA
rs62573823,A,G,A,G,0.01421,-0.01447,0.93197,0.9300277,FALSE,FALSE,FALSE,7rgHSI,0.008463,0.08748,ab42,TRUE,reported,0.00295,1.41e-6,educ,TRUE,reported,K5Q3Oh,2,TRUE,NA
rs62580853,G,A,G,A,0.00656,-0.002057,0.4541,0.456775,FALSE,FALSE,FALSE,7rgHSI,0.004101,0.616,ab42,TRUE,reported,0.0014,2.97e-6,educ,TRUE,reported,K5Q3Oh,2,TRUE,NA
rs627685,C,T,C,T,-0.0074400000000000004,0.004885,0.3248,0.301032,FALSE,FALSE,FALSE,7rgHSI,0.00448,0.2756,ab42,TRUE,reported,0.00153,1.18e-6,educ,TRUE,reported,K5Q3Oh,2,TRUE,NA
rs628720,C,T,C,T,0.00778,0.003787,0.369,0.34484099999999995,FALSE,FALSE,FALSE,7rgHSI,0.004311,0.3798,ab42,TRUE,reported,0.00146,1.09e-7,educ,TRUE,reported,K5Q3Oh,2,TRUE,NA
rs631287,G,A,G,A,-0.00843,0.001578,0.4422,0.449584,FALSE,FALSE,FALSE,7rgHSI,0.004075,0.6986,ab42,TRUE,reported,0.00141,2.52e-9,educ,TRUE,reported,K5Q3Oh,2,TRUE,NA
rs633279,A,T,A,T,-0.00886,-0.003052,0.3197,0.29462600000000005,FALSE,TRUE,FALSE,7rgHSI,0.004361,0.4841,ab42,TRUE,reported,0.00154,8.12e-9,educ,TRUE,reported,K5Q3Oh,2,TRUE,NA
rs634099,C,T,C,T,0.00695,-0.001552,0.3571,0.339621,FALSE,FALSE,FALSE,7rgHSI,0.004367,0.7224,ab42,TRUE,reported,0.0015,3.89e-6,educ,TRUE,reported,K5Q3Oh,2,TRUE,NA
rs635754,A,G,A,G,0.01188,-0.008719,0.5306,0.558793,FALSE,FALSE,FALSE,7rgHSI,0.004069,0.0322,ab42,TRUE,reported,0.00142,6.36e-17,educ,TRUE,reported,K5Q3Oh,2,TRUE,NA
rs642803,C,T,C,T,-0.00692,-0.00149,0.534,0.540206,FALSE,FALSE,FALSE,7rgHSI,0.004086,0.7154,ab42,TRUE,reported,0.00141,8.64e-7,educ,TRUE,reported,K5Q3Oh,2,TRUE,NA
rs6428587,T,C,T,C,0.00837,-9.094e-4,0.6293,0.641022,FALSE,FALSE,FALSE,7rgHSI,0.004197,0.8285,ab42,TRUE,reported,0.00145,8.59e-9,educ,TRUE,reported,K5Q3Oh,2,TRUE,NA
rs6435326,T,A,T,A,0.00914,0.008398,0.5153,0.501401,FALSE,TRUE,TRUE,7rgHSI,0.004229,0.04714,ab42,TRUE,reported,0.0014,7.56e-11,educ,TRUE,reported,K5Q3Oh,2,FALSE,NA
rs6436143,A,G,A,G,-0.00925,-0.005745,0.8112,0.851509,FALSE,FALSE,FALSE,7rgHSI,0.005535,0.2993,ab42,TRUE,reported,0.00199,3.42e-6,educ,TRUE,reported,K5Q3Oh,2,TRUE,NA
rs6436502,A,T,A,T,-0.00644,8.362e-4,0.5153,0.503465,FALSE,TRUE,TRUE,7rgHSI,0.004088,0.8379,ab42,TRUE,reported,0.0014,4.52e-6,educ,TRUE,reported,K5Q3Oh,2,FALSE,NA
rs6440053,A,T,A,T,-0.00922,0.005794,0.8384,0.844595,FALSE,TRUE,FALSE,7rgHSI,0.005609,0.3017,ab42,TRUE,reported,0.00192,1.54e-6,educ,TRUE,reported,K5Q3Oh,2,TRUE,NA
rs6440854,G,A,G,A,-0.01044,4.952e-4,0.1207,0.128241,FALSE,FALSE,FALSE,7rgHSI,0.006369,0.938,ab42,TRUE,reported,0.00211,7.39e-7,educ,TRUE,reported,K5Q3Oh,2,TRUE,NA
rs6442126,T,A,T,A,0.01211,0.005593,0.3418,0.33740400000000004,FALSE,TRUE,FALSE,7rgHSI,0.004562,0.2203,ab42,TRUE,reported,0.00149,4.72e-16,educ,TRUE,reported,K5Q3Oh,2,TRUE,NA
rs6443069,G,A,G,A,0.00673,0.003786,0.3605,0.412165,FALSE,FALSE,FALSE,7rgHSI,0.004252,0.3732,ab42,TRUE,reported,0.00144,2.82e-6,educ,TRUE,reported,K5Q3Oh,2,TRUE,NA
rs6443703,A,G,A,G,0.00751,-0.003637,0.2976,0.283462,FALSE,FALSE,FALSE,7rgHSI,0.004475,0.4165,ab42,TRUE,reported,0.00156,1.56e-6,educ,TRUE,reported,K5Q3Oh,2,TRUE,NA
rs6448104,C,T,C,T,-0.00747,-0.002874,0.2687,0.29297799999999996,FALSE,FALSE,FALSE,7rgHSI,0.004562,0.5287,ab42,TRUE,reported,0.00157,2.08e-6,educ,TRUE,reported,K5Q3Oh,2,TRUE,NA
rs644877,T,A,T,A,-0.00865,-0.003075,0.1701,0.180967,FALSE,TRUE,FALSE,7rgHSI,0.005284,0.5607,ab42,TRUE,reported,0.00178,1.12e-6,educ,TRUE,reported,K5Q3Oh,2,TRUE,NA
rs6449503,A,G,A,G,0.01845,0.001171,0.5,0.540992,FALSE,FALSE,FALSE,7rgHSI,0.004087,0.7744,ab42,TRUE,reported,0.0014,1.84e-39,educ,TRUE,reported,K5Q3Oh,2,TRUE,NA
rs6450382,T,C,T,C,-0.00711,-0.002735,0.6207,0.660964,FALSE,FALSE,FALSE,7rgHSI,0.00435,0.5295,ab42,TRUE,reported,0.0015,2.11e-6,educ,TRUE,reported,K5Q3Oh,2,TRUE,NA
rs6450476,G,A,G,A,0.01162,-0.001661,0.7092,0.722467,FALSE,FALSE,FALSE,7rgHSI,0.004551,0.7152,ab42,TRUE,reported,0.00154,4.62e-14,educ,TRUE,reported,K5Q3Oh,2,TRUE,NA
rs6459605,A,G,A,G,0.00676,-0.001827,0.4337,0.413643,FALSE,FALSE,FALSE,7rgHSI,0.00409,0.6551,ab42,TRUE,reported,0.00141,1.66e-6,educ,TRUE,reported,K5Q3Oh,2,TRUE,NA
rs6459818,G,A,G,A,-0.00693,0.003251,0.4133,0.44779800000000003,FALSE,FALSE,FALSE,7rgHSI,0.004089,0.4267,ab42,TRUE,reported,0.00142,1.13e-6,educ,TRUE,reported,K5Q3Oh,2,TRUE,NA
rs646007,C,T,C,T,-0.00726,0.002212,0.4762,0.508623,FALSE,FALSE,FALSE,7rgHSI,0.004119,0.5912,ab42,TRUE,reported,0.0014,2.37e-7,educ,TRUE,reported,K5Q3Oh,2,TRUE,NA
rs6460661,G,A,G,A,-0.00802,0.008529,0.233,0.25990100000000005,FALSE,FALSE,FALSE,7rgHSI,0.004665,0.06761,ab42,TRUE,reported,0.00162,7.69e-7,educ,TRUE,reported,K5Q3Oh,2,TRUE,NA
rs6461536,G,A,G,A,-0.00881,0.001243,0.2942,0.292793,FALSE,FALSE,FALSE,7rgHSI,0.004649,0.7892,ab42,TRUE,reported,0.00155,1.28e-8,educ,TRUE,reported,K5Q3Oh,2,TRUE,NA
rs6467595,C,T,C,T,0.00845,0.00113,0.2313,0.788759,FALSE,FALSE,FALSE,7rgHSI,0.004989,0.8208,ab42,TRUE,reported,0.00169,5.35e-7,educ,TRUE,reported,K5Q3Oh,2,TRUE,NA
rs6469654,G,C,G,C,0.01027,0.001736,0.2415,0.24824500000000005,FALSE,TRUE,FALSE,7rgHSI,0.004782,0.7165,ab42,TRUE,reported,0.00168,1.1e-9,educ,TRUE,reported,K5Q3Oh,2,TRUE,NA
rs6472208,C,T,C,T,0.0091,-0.005796,0.619,0.56295,FALSE,FALSE,FALSE,7rgHSI,0.004261,0.1738,ab42,TRUE,reported,0.00143,2e-10,educ,TRUE,reported,K5Q3Oh,2,TRUE,NA
rs6475368,C,T,C,T,0.00649,-7.009e-4,0.4439,0.444595,FALSE,FALSE,FALSE,7rgHSI,0.004131,0.8653,ab42,TRUE,reported,0.00141,4.28e-6,educ,TRUE,reported,K5Q3Oh,2,TRUE,NA
rs6477314,A,G,A,G,-0.01145,-0.007746,0.1054,0.126886,FALSE,FALSE,FALSE,7rgHSI,0.006254,0.21560000000000001,ab42,TRUE,reported,0.00216,1.13e-7,educ,TRUE,reported,K5Q3Oh,2,TRUE,NA
rs6480234,T,C,T,C,-0.00843,4.921e-4,0.5527,0.530397,FALSE,FALSE,FALSE,7rgHSI,0.004129,0.9051,ab42,TRUE,reported,0.0014,1.94e-9,educ,TRUE,reported,K5Q3Oh,2,TRUE,NA
rs6490618,T,C,T,C,0.00883,0.001207,0.3316,0.33631,FALSE,FALSE,FALSE,7rgHSI,0.00429,0.7785,ab42,TRUE,reported,0.00149,3.48e-9,educ,TRUE,reported,K5Q3Oh,2,TRUE,NA
rs6493265,C,T,C,T,0.01219,0.00399,0.6105,0.6016779999999999,FALSE,FALSE,FALSE,7rgHSI,0.004151,0.3364,ab42,TRUE,reported,0.00144,2.26e-17,educ,TRUE,reported,K5Q3Oh,2,TRUE,NA
rs6496900,T,G,T,G,0.00664,0.009722,0.5221,0.523868,FALSE,FALSE,FALSE,7rgHSI,0.004056,0.0166,ab42,TRUE,reported,0.00141,2.34e-6,educ,TRUE,reported,K5Q3Oh,2,TRUE,NA
rs6509303,T,C,T,C,-0.0075,0.001637,0.7109,0.722005,FALSE,FALSE,FALSE,7rgHSI,0.004537,0.7182,ab42,TRUE,reported,0.00156,1.5e-6,educ,TRUE,reported,K5Q3Oh,2,TRUE,NA
rs6518723,T,C,T,C,0.00858,0.002974,0.2891,0.26265799999999995,FALSE,FALSE,FALSE,7rgHSI,0.004647,0.5222,ab42,TRUE,reported,0.00158,5.87e-8,educ,TRUE,reported,K5Q3Oh,2,TRUE,NA
rs6531520,C,T,C,T,0.00673,0.007487,0.5459,0.526147,FALSE,FALSE,FALSE,7rgHSI,0.004013,0.06217,ab42,TRUE,reported,0.0014,1.6e-6,educ,TRUE,reported,K5Q3Oh,2,TRUE,NA
rs6534338,T,C,T,C,0.0103,-0.001782,0.3248,0.297644,FALSE,FALSE,FALSE,7rgHSI,0.004489,0.6914,ab42,TRUE,reported,0.00153,1.46e-11,educ,TRUE,reported,K5Q3Oh,2,TRUE,NA
rs6543810,T,C,T,C,0.00824,4.364e-4,0.3707,0.36834,FALSE,FALSE,FALSE,7rgHSI,0.004277,0.9187,ab42,TRUE,reported,0.00147,2.11e-8,educ,TRUE,reported,K5Q3Oh,2,TRUE,NA
rs6545559,C,T,C,T,0.00768,-6.086e-5,0.6786,0.683446,FALSE,FALSE,FALSE,7rgHSI,0.004378,0.9889,ab42,TRUE,reported,0.00151,3.63e-7,educ,TRUE,reported,K5Q3Oh,2,TRUE,NA
rs6546856,C,T,C,T,-0.0084,-0.004159,0.2194,0.250031,FALSE,FALSE,FALSE,7rgHSI,0.004729,0.3792,ab42,TRUE,reported,0.00163,2.52e-7,educ,TRUE,reported,K5Q3Oh,2,TRUE,NA
rs6557171,C,T,C,T,0.01548,-3.072e-4,0.7245,0.665876,FALSE,FALSE,FALSE,7rgHSI,0.004415,0.9445,ab42,TRUE,reported,0.0015,5.48e-25,educ,TRUE,reported,K5Q3Oh,2,TRUE,NA
rs6560155,C,T,C,T,0.0083,0.01143,0.2772,0.27596200000000004,FALSE,FALSE,FALSE,7rgHSI,0.004457,0.01038,ab42,TRUE,reported,0.00156,1.06e-7,educ,TRUE,reported,K5Q3Oh,2,TRUE,NA
rs6560690,T,C,T,C,0.01024,0.001679,0.1241,0.10833099999999996,FALSE,FALSE,FALSE,7rgHSI,0.006732,0.803,ab42,TRUE,reported,0.00212,1.33e-6,educ,TRUE,reported,K5Q3Oh,2,TRUE,NA
rs6567288,A,G,A,G,-0.00787,8.216e-4,0.5816,0.582892,FALSE,FALSE,FALSE,7rgHSI,0.004132,0.8424,ab42,TRUE,reported,0.00142,2.81e-8,educ,TRUE,reported,K5Q3Oh,2,TRUE,NA
rs6569077,C,T,C,T,-0.01182,0.002156,0.5765,0.61178,FALSE,FALSE,FALSE,7rgHSI,0.00441,0.6249,ab42,TRUE,reported,0.00145,3.29e-16,educ,TRUE,reported,K5Q3Oh,2,TRUE,NA
rs6571742,A,G,A,G,-0.01687,1.424e-4,0.06293,0.05910099999999996,FALSE,FALSE,FALSE,7rgHSI,0.009309,0.9878,ab42,TRUE,reported,0.00318,1.11e-7,educ,TRUE,reported,K5Q3Oh,2,TRUE,NA
rs6573552,T,C,T,C,-0.00904,0.001133,0.4728,0.505436,FALSE,FALSE,FALSE,7rgHSI,0.004,0.777,ab42,TRUE,reported,0.0014,1.17e-10,educ,TRUE,reported,K5Q3Oh,2,TRUE,NA
rs6573559,G,T,G,T,-0.01052,-0.003697,0.6786,0.692732,FALSE,FALSE,FALSE,7rgHSI,0.004289,0.3887,ab42,TRUE,reported,0.00151,3.11e-12,educ,TRUE,reported,K5Q3Oh,2,TRUE,NA
rs6575340,A,G,A,G,-0.00787,-0.002852,0.631,0.624469,FALSE,FALSE,FALSE,7rgHSI,0.004132,0.4902,ab42,TRUE,reported,0.00146,7.1e-8,educ,TRUE,reported,K5Q3Oh,2,TRUE,NA
rs6580046,C,A,C,A,-0.01371,-0.00637,0.93027,0.929212,FALSE,FALSE,FALSE,7rgHSI,0.008124,0.433,ab42,TRUE,reported,0.00268,3.21e-7,educ,TRUE,reported,K5Q3Oh,2,TRUE,NA
rs6584608,G,T,G,T,0.00828,0.001071,0.7925,0.775547,FALSE,FALSE,FALSE,7rgHSI,0.004788,0.823,ab42,TRUE,reported,0.00169,1.01e-6,educ,TRUE,reported,K5Q3Oh,2,TRUE,NA
rs660001,G,A,G,A,0.01636,-0.007362,0.7891,0.791253,FALSE,FALSE,FALSE,7rgHSI,0.005011,0.1419,ab42,TRUE,reported,0.00172,1.66e-21,educ,TRUE,reported,K5Q3Oh,2,TRUE,NA
rs663251,T,G,T,G,0.00809,-0.004884,0.631,0.640468,FALSE,FALSE,FALSE,7rgHSI,0.004243,0.2498,ab42,TRUE,reported,0.00147,4.02e-8,educ,TRUE,reported,K5Q3Oh,2,TRUE,NA
rs66482320,G,C,G,C,-0.01239,-0.006543,0.102,0.114829,FALSE,TRUE,FALSE,7rgHSI,0.006485,0.313,ab42,TRUE,reported,0.00222,2.57e-8,educ,TRUE,reported,K5Q3Oh,2,TRUE,NA
rs66568921,G,T,G,T,0.01805,0.001915,0.3639,0.353588,FALSE,FALSE,FALSE,7rgHSI,0.004327,0.6581,ab42,TRUE,reported,0.00149,7.6e-34,educ,TRUE,reported,K5Q3Oh,2,TRUE,NA
rs666128,C,T,C,T,0.00991,0.001409,0.8316,0.837342,FALSE,FALSE,FALSE,7rgHSI,0.00567,0.8038,ab42,TRUE,reported,0.00199,6.71e-7,educ,TRUE,reported,K5Q3Oh,2,TRUE,NA
rs66637216,G,C,G,C,0.01107,-0.006303,0.8673,0.8731599999999999,FALSE,TRUE,FALSE,7rgHSI,0.006135,0.3043,ab42,TRUE,reported,0.00214,2.21e-7,educ,TRUE,reported,K5Q3Oh,2,TRUE,NA
rs66671632,C,T,C,T,0.01327,-0.001483,0.8724,0.837989,FALSE,FALSE,FALSE,7rgHSI,0.005753,0.7966,ab42,TRUE,reported,0.00209,2.24e-10,educ,TRUE,reported,K5Q3Oh,2,TRUE,NA
rs6668225,G,A,G,A,0.00799,-0.003912,0.6701,0.663782,FALSE,FALSE,FALSE,7rgHSI,0.004295,0.3624,ab42,TRUE,reported,0.0015,9.33e-8,educ,TRUE,reported,K5Q3Oh,2,TRUE,NA
rs66688522,A,G,A,G,-0.00743,-0.007496,0.2228,0.253188,FALSE,FALSE,FALSE,7rgHSI,0.004659,0.10780000000000001,ab42,TRUE,reported,0.00161,3.8e-6,educ,TRUE,reported,K5Q3Oh,2,TRUE,NA
rs66721975,G,A,G,A,0.00874,-0.002519,0.7449,0.7118880000000001,FALSE,FALSE,FALSE,7rgHSI,0.004566,0.5812,ab42,TRUE,reported,0.00154,1.51e-8,educ,TRUE,reported,K5Q3Oh,2,TRUE,NA
rs6672986,C,G,C,G,0.00942,0.002604,0.4269,0.475762,FALSE,TRUE,TRUE,7rgHSI,0.004059,0.5213,ab42,TRUE,reported,0.00144,6.42e-11,educ,TRUE,reported,K5Q3Oh,2,FALSE,NA
rs6681173,T,C,T,C,0.01062,0.00118,0.1361,0.135417,FALSE,FALSE,FALSE,7rgHSI,0.005888,0.8412,ab42,TRUE,reported,0.00205,2.11e-7,educ,TRUE,reported,K5Q3Oh,2,TRUE,NA
rs66822211,A,G,A,G,-0.01619,-6.543e-4,0.05442,0.0540961,FALSE,FALSE,FALSE,7rgHSI,0.008977,0.9419,ab42,TRUE,reported,0.00305,1.16e-7,educ,TRUE,reported,K5Q3Oh,2,TRUE,NA
rs6684085,C,T,C,T,0.00824,-0.006234,0.8367,0.808762,FALSE,FALSE,FALSE,7rgHSI,0.005172,0.2282,ab42,TRUE,reported,0.00177,3.3e-6,educ,TRUE,reported,K5Q3Oh,2,TRUE,NA
rs6689641,A,G,A,G,0.00783,0.006001,0.4762,0.460333,FALSE,FALSE,FALSE,7rgHSI,0.004127,0.146,ab42,TRUE,reported,0.00142,3.29e-8,educ,TRUE,reported,K5Q3Oh,2,TRUE,NA
rs6690195,C,T,C,T,0.0113,-0.006016,0.4915,0.527764,FALSE,FALSE,FALSE,7rgHSI,0.004152,0.1475,ab42,TRUE,reported,0.0014,7.89e-16,educ,TRUE,reported,K5Q3Oh,2,TRUE,NA
rs6696068,G,T,G,T,0.00883,0.003041,0.6259,0.623298,FALSE,FALSE,FALSE,7rgHSI,0.00427,0.4765,ab42,TRUE,reported,0.00144,9.5e-10,educ,TRUE,reported,K5Q3Oh,2,TRUE,NA
rs6697584,T,C,T,C,-0.01264,-0.005096,0.7704,0.80271,FALSE,FALSE,FALSE,7rgHSI,0.00497,0.3053,ab42,TRUE,reported,0.00171,1.43e-13,educ,TRUE,reported,K5Q3Oh,2,TRUE,NA
rs66983327,G,A,G,A,-0.00769,0.008136,0.6616,0.690345,FALSE,FALSE,FALSE,7rgHSI,0.004419,0.06569,ab42,TRUE,reported,0.0015,2.84e-7,educ,TRUE,reported,K5Q3Oh,2,TRUE,NA
rs67000219,T,C,T,C,-0.01172,-0.004744,0.119,0.111703,FALSE,FALSE,FALSE,7rgHSI,0.006737,0.4814,ab42,TRUE,reported,0.00222,1.3e-7,educ,TRUE,reported,K5Q3Oh,2,TRUE,NA
rs67004399,T,C,T,C,0.01025,0.005741,0.1105,0.137404,FALSE,FALSE,FALSE,7rgHSI,0.005894,0.3301,ab42,TRUE,reported,0.0021,1.03e-6,educ,TRUE,reported,K5Q3Oh,2,TRUE,NA
rs6704768,G,A,G,A,0.01165,0.004801,0.4796,0.45816100000000004,FALSE,FALSE,FALSE,7rgHSI,0.004107,0.2426,ab42,TRUE,reported,0.00142,1.84e-16,educ,TRUE,reported,K5Q3Oh,2,TRUE,NA
rs6706275,T,C,T,C,0.00832,-0.005308,0.3469,0.313243,FALSE,FALSE,FALSE,7rgHSI,0.004383,0.226,ab42,TRUE,reported,0.0015,2.81e-8,educ,TRUE,reported,K5Q3Oh,2,TRUE,NA
rs6710938,C,A,C,A,0.00782,0.007687,0.2007,0.230228,FALSE,FALSE,FALSE,7rgHSI,0.004663,0.09935,ab42,TRUE,reported,0.00169,3.7e-6,educ,TRUE,reported,K5Q3Oh,2,TRUE,NA
rs6711399,C,T,C,T,0.01065,0.001385,0.818,0.80579,FALSE,FALSE,FALSE,7rgHSI,0.005298,0.7938,ab42,TRUE,reported,0.00187,1.16e-8,educ,TRUE,reported,K5Q3Oh,2,TRUE,NA
rs6712856,A,T,A,T,0.00723,4.524e-4,0.551,0.55733,FALSE,TRUE,TRUE,7rgHSI,0.004167,0.9136,ab42,TRUE,reported,0.00141,2.83e-7,educ,TRUE,reported,K5Q3Oh,2,FALSE,NA
rs6713523,A,G,A,G,-0.00884,-0.004953,0.8129,0.821096,FALSE,FALSE,FALSE,7rgHSI,0.005196,0.3405,ab42,TRUE,reported,0.0018600000000000001,2.01e-6,educ,TRUE,reported,K5Q3Oh,2,TRUE,NA
rs6715321,C,T,C,T,0.00971,0.001633,0.5408,0.5607949999999999,FALSE,FALSE,FALSE,7rgHSI,0.004098,0.6902,ab42,TRUE,reported,0.00142,7.62e-12,educ,TRUE,reported,K5Q3Oh,2,TRUE,NA
rs6720515,T,A,T,A,-0.01034,0.003815,0.2109,0.222636,FALSE,TRUE,FALSE,7rgHSI,0.004889,0.4353,ab42,TRUE,reported,0.00168,7.95e-10,educ,TRUE,reported,K5Q3Oh,2,TRUE,NA
rs67224963,A,G,A,G,0.01133,-0.004866,0.1786,0.228888,FALSE,FALSE,FALSE,7rgHSI,0.005093,0.3394,ab42,TRUE,reported,0.00174,7.19e-11,educ,TRUE,reported,K5Q3Oh,2,TRUE,NA
rs6728111,A,G,A,G,0.00748,0.003606,0.4524,0.460148,FALSE,FALSE,FALSE,7rgHSI,0.004053,0.3737,ab42,TRUE,reported,0.00141,1.02e-7,educ,TRUE,reported,K5Q3Oh,2,TRUE,NA
rs6729612,T,C,T,C,0.00918,0.001126,0.6752,0.630567,FALSE,FALSE,FALSE,7rgHSI,0.004347,0.7957,ab42,TRUE,reported,0.0015,9.39e-10,educ,TRUE,reported,K5Q3Oh,2,TRUE,NA
rs67338857,A,G,A,G,0.00753,8.554e-4,0.2959,0.316123,FALSE,FALSE,FALSE,7rgHSI,0.004368,0.8447,ab42,TRUE,reported,0.00152,7.25e-7,educ,TRUE,reported,K5Q3Oh,2,TRUE,NA
rs6736025,T,G,T,G,0.00786,-0.003813,0.4609,0.444195,FALSE,FALSE,FALSE,7rgHSI,0.004055,0.3471,ab42,TRUE,reported,0.00141,2.77e-8,educ,TRUE,reported,K5Q3Oh,2,TRUE,NA
rs6738860,T,A,T,A,0.00879,-0.001869,0.5544,0.5274559999999999,FALSE,TRUE,TRUE,7rgHSI,0.004107,0.649,ab42,TRUE,reported,0.00141,4.65e-10,educ,TRUE,reported,K5Q3Oh,2,FALSE,NA
rs67417726,T,G,T,G,-0.00959,2.866e-4,0.1207,0.128673,FALSE,FALSE,FALSE,7rgHSI,0.006183,0.963,ab42,TRUE,reported,0.00203,2.17e-6,educ,TRUE,reported,K5Q3Oh,2,TRUE,NA
rs6743032,G,A,G,A,0.01653,-0.002852,0.92687,0.9072374,FALSE,FALSE,FALSE,7rgHSI,0.006963,0.6821,ab42,TRUE,reported,0.00242,8.36e-12,educ,TRUE,reported,K5Q3Oh,2,TRUE,NA
rs67432955,A,G,A,G,0.00667,-0.009411,0.3776,0.379966,FALSE,FALSE,FALSE,7rgHSI,0.004154,0.02356,ab42,TRUE,reported,0.00143,3.17e-6,educ,TRUE,reported,K5Q3Oh,2,TRUE,NA
rs67456868,A,G,A,G,0.01187,0.00578,0.1905,0.172944,FALSE,FALSE,FALSE,7rgHSI,0.005299,0.2754,ab42,TRUE,reported,0.00181,5.37e-11,educ,TRUE,reported,K5Q3Oh,2,TRUE,NA
rs6752228,T,G,T,G,-0.00803,-0.007708,0.5748,0.548537,FALSE,FALSE,FALSE,7rgHSI,0.004086,0.05936,ab42,TRUE,reported,0.00141,1.26e-8,educ,TRUE,reported,K5Q3Oh,2,TRUE,NA
rs6757521,G,A,G,A,0.00732,-0.001242,0.5238,0.482923,FALSE,FALSE,FALSE,7rgHSI,0.004047,0.7589,ab42,TRUE,reported,0.0014,1.78e-7,educ,TRUE,reported,K5Q3Oh,2,TRUE,NA
rs675806,A,C,A,C,-0.00715,0.003486,0.3486,0.334894,FALSE,FALSE,FALSE,7rgHSI,0.00432,0.4197,ab42,TRUE,reported,0.00148,1.29e-6,educ,TRUE,reported,K5Q3Oh,2,TRUE,NA
rs67661275,G,A,G,A,-0.01343,0.01061,0.1037,0.0883431,FALSE,FALSE,FALSE,7rgHSI,0.007368,0.1499,ab42,TRUE,reported,0.00245,4.4e-8,educ,TRUE,reported,K5Q3Oh,2,TRUE,NA
rs67665028,T,A,T,A,0.00662,0.001568,0.3963,0.438466,FALSE,TRUE,TRUE,7rgHSI,0.00419,0.7083,ab42,TRUE,reported,0.00144,3.95e-6,educ,TRUE,reported,K5Q3Oh,2,FALSE,NA
rs67677171,C,T,C,T,-0.00982,6.284e-4,0.1599,0.166292,FALSE,FALSE,FALSE,7rgHSI,0.005582,0.9104,ab42,TRUE,reported,0.00185,1.04e-7,educ,TRUE,reported,K5Q3Oh,2,TRUE,NA
rs6768184,T,C,T,C,0.00667,-0.002495,0.6207,0.6416850000000001,FALSE,FALSE,FALSE,7rgHSI,0.004298,0.5615,ab42,TRUE,reported,0.00146,4.67e-6,educ,TRUE,reported,K5Q3Oh,2,TRUE,NA
rs67703244,C,A,C,A,0.00747,-0.001239,0.4354,0.49280900000000005,FALSE,FALSE,FALSE,7rgHSI,0.00407,0.7609,ab42,TRUE,reported,0.0014,1e-7,educ,TRUE,reported,K5Q3Oh,2,TRUE,NA
rs6774533,T,C,T,C,0.00904,6.622e-5,0.6905,0.68032,FALSE,FALSE,FALSE,7rgHSI,0.004542,0.9884,ab42,TRUE,reported,0.00154,4.18e-9,educ,TRUE,reported,K5Q3Oh,2,TRUE,NA
rs6778273,G,T,G,T,0.00857,0.003281,0.7874,0.755775,FALSE,FALSE,FALSE,7rgHSI,0.004771,0.4917,ab42,TRUE,reported,0.00168,3.47e-7,educ,TRUE,reported,K5Q3Oh,2,TRUE,NA
rs67790232,A,G,A,G,0.0101,0.009581,0.7517,0.793794,FALSE,FALSE,FALSE,7rgHSI,0.00507,0.0589,ab42,TRUE,reported,0.00174,6.9e-9,educ,TRUE,reported,K5Q3Oh,2,TRUE,NA
rs6780414,T,C,T,C,0.01051,-0.01142,0.8044,0.806991,FALSE,FALSE,FALSE,7rgHSI,0.005073,0.02443,ab42,TRUE,reported,0.00182,7.1e-9,educ,TRUE,reported,K5Q3Oh,2,TRUE,NA
rs6790069,C,T,C,T,-0.00749,-0.001179,0.8044,0.76506,FALSE,FALSE,FALSE,7rgHSI,0.004692,0.8016,ab42,TRUE,reported,0.00163,4.42e-6,educ,TRUE,reported,K5Q3Oh,2,TRUE,NA
rs6792805,G,A,G,A,0.00897,-0.002072,0.2534,0.283816,FALSE,FALSE,FALSE,7rgHSI,0.004542,0.6482,ab42,TRUE,reported,0.00159,1.7e-8,educ,TRUE,reported,K5Q3Oh,2,TRUE,NA
rs6793728,C,T,C,T,-0.00767,-0.001947,0.3827,0.386973,FALSE,FALSE,FALSE,7rgHSI,0.004217,0.6444,ab42,TRUE,reported,0.00143,8.72e-8,educ,TRUE,reported,K5Q3Oh,2,TRUE,NA
rs6800637,T,A,T,A,0.00765,-8.487e-4,0.284,0.295026,FALSE,TRUE,FALSE,7rgHSI,0.004415,0.8476,ab42,TRUE,reported,0.00157,1.16e-6,educ,TRUE,reported,K5Q3Oh,2,TRUE,NA
rs6807264,T,C,T,C,-0.01047,0.004867,0.1361,0.121451,FALSE,FALSE,FALSE,7rgHSI,0.006125,0.4269,ab42,TRUE,reported,0.00213,8.81e-7,educ,TRUE,reported,K5Q3Oh,2,TRUE,NA
rs6808050,G,T,G,T,0.00832,0.00671,0.7755,0.752033,FALSE,FALSE,FALSE,7rgHSI,0.004743,0.1573,ab42,TRUE,reported,0.00166,5.25e-7,educ,TRUE,reported,K5Q3Oh,2,TRUE,NA
rs680895,A,T,A,T,-0.00659,-0.003752,0.5391,0.508793,FALSE,TRUE,TRUE,7rgHSI,0.004115,0.3619,ab42,TRUE,reported,0.0014,2.72e-6,educ,TRUE,reported,K5Q3Oh,2,FALSE,NA
rs6812533,T,C,T,C,0.01063,0.00938,0.7602,0.7196640000000001,FALSE,FALSE,FALSE,7rgHSI,0.004584,0.04081,ab42,TRUE,reported,0.00162,4.85e-11,educ,TRUE,reported,K5Q3Oh,2,TRUE,NA
rs68145588,T,G,T,G,-0.0127,-0.005741,0.1259,0.139698,FALSE,FALSE,FALSE,7rgHSI,0.006177,0.3528,ab42,TRUE,reported,0.00206,7.53e-10,educ,TRUE,reported,K5Q3Oh,2,TRUE,NA
rs6818081,C,T,C,T,0.01062,-0.001379,0.8554,0.854358,FALSE,FALSE,FALSE,7rgHSI,0.006012,0.8186,ab42,TRUE,reported,0.00197,7.56e-8,educ,TRUE,reported,K5Q3Oh,2,TRUE,NA
rs68192024,T,C,T,C,-0.00867,-0.00109,0.7041,0.7746999999999999,FALSE,FALSE,FALSE,7rgHSI,0.004853,0.8223,ab42,TRUE,reported,0.00163,9.73e-8,educ,TRUE,reported,K5Q3Oh,2,TRUE,NA
rs6824567,T,C,T,C,0.01295,8.842e-4,0.2823,0.279735,FALSE,FALSE,FALSE,7rgHSI,0.004543,0.8457,ab42,TRUE,reported,0.00156,8.91e-17,educ,TRUE,reported,K5Q3Oh,2,TRUE,NA
rs6832765,T,A,T,A,0.00725,0.002985,0.6922,0.660887,FALSE,TRUE,FALSE,7rgHSI,0.004391,0.4966,ab42,TRUE,reported,0.00148,9.38e-7,educ,TRUE,reported,K5Q3Oh,2,TRUE,NA
rs6834210,T,A,T,A,-0.00826,0.003765,0.7925,0.794672,FALSE,TRUE,FALSE,7rgHSI,0.004988,0.4504,ab42,TRUE,reported,0.00172,1.66e-6,educ,TRUE,reported,K5Q3Oh,2,TRUE,NA
rs6835277,C,A,C,A,-0.0074400000000000004,0.00919,0.6514,0.632722,FALSE,FALSE,FALSE,7rgHSI,0.004387,0.03628,ab42,TRUE,reported,0.00148,4.59e-7,educ,TRUE,reported,K5Q3Oh,2,TRUE,NA
rs6836877,T,G,T,G,-0.00899,0.001356,0.8112,0.815368,FALSE,FALSE,FALSE,7rgHSI,0.005428,0.8028,ab42,TRUE,reported,0.00184,1.02e-6,educ,TRUE,reported,K5Q3Oh,2,TRUE,NA
rs6847269,G,A,G,A,-0.00756,0.006822,0.733,0.743117,FALSE,FALSE,FALSE,7rgHSI,0.004744,0.1506,ab42,TRUE,reported,0.00161,2.73e-6,educ,TRUE,reported,K5Q3Oh,2,TRUE,NA
rs6861925,G,C,G,C,0.00895,0.0032,0.5476,0.5034190000000001,FALSE,TRUE,TRUE,7rgHSI,0.004059,0.4306,ab42,TRUE,reported,0.0014,1.76e-10,educ,TRUE,reported,K5Q3Oh,2,FALSE,NA
rs6871635,A,G,A,G,-0.00867,-0.004668,0.4371,0.390699,FALSE,FALSE,FALSE,7rgHSI,0.004222,0.2689,ab42,TRUE,reported,0.00142,1.16e-9,educ,TRUE,reported,K5Q3Oh,2,TRUE,NA
rs6881581,A,G,A,G,-0.00965,0.004945,0.3282,0.317262,FALSE,FALSE,FALSE,7rgHSI,0.004295,0.2496,ab42,TRUE,reported,0.00149,1.08e-10,educ,TRUE,reported,K5Q3Oh,2,TRUE,NA
rs6881733,T,C,T,C,-0.00856,-0.003148,0.2959,0.301725,FALSE,FALSE,FALSE,7rgHSI,0.004441,0.4785,ab42,TRUE,reported,0.00156,4.08e-8,educ,TRUE,reported,K5Q3Oh,2,TRUE,NA
rs6889254,A,G,A,G,-0.01092,0.006861,0.8793,0.874761,FALSE,FALSE,FALSE,7rgHSI,0.005862,0.2419,ab42,TRUE,reported,0.00208,1.49e-7,educ,TRUE,reported,K5Q3Oh,2,TRUE,NA
rs6905041,C,T,C,T,0.00879,2.446e-4,0.8384,0.798337,FALSE,FALSE,FALSE,7rgHSI,0.005059,0.9614,ab42,TRUE,reported,0.00176,5.65e-7,educ,TRUE,reported,K5Q3Oh,2,TRUE,NA
rs6917154,C,T,C,T,-0.01274,0.006835,0.8588,0.878426,FALSE,FALSE,FALSE,7rgHSI,0.006611,0.3013,ab42,TRUE,reported,0.00214,2.55e-9,educ,TRUE,reported,K5Q3Oh,2,TRUE,NA
rs6917204,C,T,C,T,-0.01188,0.00872,0.2279,0.238913,FALSE,FALSE,FALSE,7rgHSI,0.00498,0.08004,ab42,TRUE,reported,0.00174,8.14e-12,educ,TRUE,reported,K5Q3Oh,2,TRUE,NA
rs692315,A,G,A,G,-0.0074400000000000004,-0.004494,0.3197,0.297937,FALSE,FALSE,FALSE,7rgHSI,0.004399,0.3071,ab42,TRUE,reported,0.00152,1.05e-6,educ,TRUE,reported,K5Q3Oh,2,TRUE,NA
rs6924023,A,G,A,G,0.01071,-0.002429,0.7449,0.722344,FALSE,FALSE,FALSE,7rgHSI,0.004778,0.6111,ab42,TRUE,reported,0.00163,5.17e-11,educ,TRUE,reported,K5Q3Oh,2,TRUE,NA
rs6931541,T,C,T,C,-0.00828,0.003153,0.8044,0.814398,FALSE,FALSE,FALSE,7rgHSI,0.005245,0.5479,ab42,TRUE,reported,0.00177,2.77e-6,educ,TRUE,reported,K5Q3Oh,2,TRUE,NA
rs6943268,A,G,A,G,0.00747,0.00357,0.4201,0.398922,FALSE,FALSE,FALSE,7rgHSI,0.004122,0.3866,ab42,TRUE,reported,0.00142,1.58e-7,educ,TRUE,reported,K5Q3Oh,2,TRUE,NA
rs6945931,C,T,C,T,0.02131,-0.007584,0.96429,0.9621805,FALSE,FALSE,FALSE,7rgHSI,0.0117,0.517,ab42,TRUE,reported,0.00404,1.36e-7,educ,TRUE,reported,K5Q3Oh,2,TRUE,NA
rs6946136,A,G,A,G,0.00808,-2.591e-4,0.5918,0.6284259999999999,FALSE,FALSE,FALSE,7rgHSI,0.004125,0.9499,ab42,TRUE,reported,0.00144,1.99e-8,educ,TRUE,reported,K5Q3Oh,2,TRUE,NA
rs6949760,A,C,A,C,0.01144,0.008221,0.6582,0.670003,FALSE,FALSE,FALSE,7rgHSI,0.0043,0.05597,ab42,TRUE,reported,0.00147,8.05e-15,educ,TRUE,reported,K5Q3Oh,2,TRUE,NA
rs6951996,T,A,T,A,0.01815,-0.004195,0.93027,0.9401755,FALSE,TRUE,FALSE,7rgHSI,0.00945,0.6571,ab42,TRUE,reported,0.0032,1.41e-8,educ,TRUE,reported,K5Q3Oh,2,TRUE,NA
rs6953350,T,C,T,C,-0.00748,1.985e-4,0.5782,0.5740069999999999,FALSE,FALSE,FALSE,7rgHSI,0.004201,0.9623,ab42,TRUE,reported,0.00143,1.82e-7,educ,TRUE,reported,K5Q3Oh,2,TRUE,NA
rs6956283,T,C,T,C,0.00981,-0.00391,0.7041,0.729458,FALSE,FALSE,FALSE,7rgHSI,0.004487,0.3836,ab42,TRUE,reported,0.00159,6.44e-10,educ,TRUE,reported,K5Q3Oh,2,TRUE,NA
rs6956484,C,A,C,A,-0.0074400000000000004,-0.004994,0.3724,0.397983,FALSE,FALSE,FALSE,7rgHSI,0.004191,0.2335,ab42,TRUE,reported,0.00145,2.69e-7,educ,TRUE,reported,K5Q3Oh,2,TRUE,NA
rs6961668,C,A,C,A,-0.00732,-0.002189,0.3163,0.328811,FALSE,FALSE,FALSE,7rgHSI,0.004329,0.6131,ab42,TRUE,reported,0.00153,1.66e-6,educ,TRUE,reported,K5Q3Oh,2,TRUE,NA
rs6965117,A,G,A,G,0.00757,0.001068,0.5119,0.501709,FALSE,FALSE,FALSE,7rgHSI,0.004174,0.798,ab42,TRUE,reported,0.0014,7.21e-8,educ,TRUE,reported,K5Q3Oh,2,TRUE,NA
rs6969783,T,A,T,A,0.00982,0.00535,0.5714,0.547952,FALSE,TRUE,TRUE,7rgHSI,0.004038,0.1853,ab42,TRUE,reported,0.00141,2.87e-12,educ,TRUE,reported,K5Q3Oh,2,FALSE,NA
rs6977237,C,T,C,T,-0.00819,-0.002879,0.5425,0.523961,FALSE,FALSE,FALSE,7rgHSI,0.004037,0.4759,ab42,TRUE,reported,0.0014,5.59e-9,educ,TRUE,reported,K5Q3Oh,2,TRUE,NA
rs6983422,G,A,G,A,-0.00758,0.006748,0.6837,0.28725,FALSE,FALSE,FALSE,7rgHSI,0.004441,0.1287,ab42,TRUE,reported,0.00157,1.51e-6,educ,TRUE,reported,K5Q3Oh,2,TRUE,NA
rs6985904,G,C,G,C,-0.00689,-1.101e-4,0.6207,0.64287,FALSE,TRUE,FALSE,7rgHSI,0.004205,0.9791,ab42,TRUE,reported,0.00147,2.62e-6,educ,TRUE,reported,K5Q3Oh,2,TRUE,NA
rs6986186,A,G,A,G,-0.01123,7.813e-4,0.90476,0.9013705,FALSE,FALSE,FALSE,7rgHSI,0.007128,0.9127,ab42,TRUE,reported,0.00245,4.63e-6,educ,TRUE,reported,K5Q3Oh,2,TRUE,NA
rs6989141,G,A,G,A,-0.00999,0.001979,0.8248,0.7837540000000001,FALSE,FALSE,FALSE,7rgHSI,0.004903,0.6865,ab42,TRUE,reported,0.00173,8.4e-9,educ,TRUE,reported,K5Q3Oh,2,TRUE,NA
rs698979,G,A,G,A,-0.00699,0.004677,0.6633,0.646504,FALSE,FALSE,FALSE,7rgHSI,0.004276,0.2741,ab42,TRUE,reported,0.00146,1.56e-6,educ,TRUE,reported,K5Q3Oh,2,TRUE,NA
rs6992853,A,C,A,C,-0.01042,0.004521,0.1259,0.133261,FALSE,FALSE,FALSE,7rgHSI,0.006377,0.4785,ab42,TRUE,reported,0.00216,1.38e-6,educ,TRUE,reported,K5Q3Oh,2,TRUE,NA
rs6994287,G,A,G,A,-0.01018,0.00242,0.5799,0.592239,FALSE,FALSE,FALSE,7rgHSI,0.004069,0.5521,ab42,TRUE,reported,0.00143,1.11e-12,educ,TRUE,reported,K5Q3Oh,2,TRUE,NA
rs7007784,G,A,G,A,0.00696,-0.005146,0.4405,0.46359700000000004,FALSE,FALSE,FALSE,7rgHSI,0.004071,0.2063,ab42,TRUE,reported,0.00141,7.65e-7,educ,TRUE,reported,K5Q3Oh,2,TRUE,NA
rs7012546,C,T,C,T,-0.00916,-0.001286,0.5799,0.596751,FALSE,FALSE,FALSE,7rgHSI,0.00416,0.7572,ab42,TRUE,reported,0.00142,1.25e-10,educ,TRUE,reported,K5Q3Oh,2,TRUE,NA
rs7013698,G,A,G,A,-0.00724,-1.376e-4,0.6582,0.629704,FALSE,FALSE,FALSE,7rgHSI,0.004234,0.9741,ab42,TRUE,reported,0.00146,7.08e-7,educ,TRUE,reported,K5Q3Oh,2,TRUE,NA
rs7014169,A,G,A,G,-0.01192,0.002447,0.91327,0.898876,FALSE,FALSE,FALSE,7rgHSI,0.007068,0.7293,ab42,TRUE,reported,0.00248,1.61e-6,educ,TRUE,reported,K5Q3Oh,2,TRUE,NA
rs7015738,C,T,C,T,0.00712,1.689e-4,0.5408,0.59729,FALSE,FALSE,FALSE,7rgHSI,0.004114,0.9673,ab42,TRUE,reported,0.00142,5.46e-7,educ,TRUE,reported,K5Q3Oh,2,TRUE,NA
rs7016302,G,C,G,C,0.01251,0.004448,0.1769,0.176378,FALSE,TRUE,FALSE,7rgHSI,0.005646,0.4309,ab42,TRUE,reported,0.00187,2.26e-11,educ,TRUE,reported,K5Q3Oh,2,TRUE,NA
rs7017876,G,A,G,A,-0.00776,0.00193,0.6684,0.689945,FALSE,FALSE,FALSE,7rgHSI,0.004379,0.6593,ab42,TRUE,reported,0.00149,1.81e-7,educ,TRUE,reported,K5Q3Oh,2,TRUE,NA
rs7019055,G,A,G,A,0.00711,0.002439,0.5374,0.560517,FALSE,FALSE,FALSE,7rgHSI,0.00408,0.5501,ab42,TRUE,reported,0.00143,6.23e-7,educ,TRUE,reported,K5Q3Oh,2,TRUE,NA
rs7019624,T,C,T,C,-0.00977,-0.002407,0.1241,0.141654,FALSE,FALSE,FALSE,7rgHSI,0.005979,0.6873,ab42,TRUE,reported,0.00206,2.04e-6,educ,TRUE,reported,K5Q3Oh,2,TRUE,NA
rs702606,T,C,T,C,0.01181,0.005104,0.8299,0.860625,FALSE,FALSE,FALSE,7rgHSI,0.006007,0.3955,ab42,TRUE,reported,0.00206,9.19e-9,educ,TRUE,reported,K5Q3Oh,2,TRUE,NA
rs7027548,T,C,T,C,-0.00731,-0.008398,0.3248,0.309055,FALSE,FALSE,FALSE,7rgHSI,0.004354,0.05385,ab42,TRUE,reported,0.00154,1.94e-6,educ,TRUE,reported,K5Q3Oh,2,TRUE,NA
rs7027899,A,G,A,G,0.00892,0.001971,0.8333,0.80907,FALSE,FALSE,FALSE,7rgHSI,0.005227,0.7062,ab42,TRUE,reported,0.00182,8.98e-7,educ,TRUE,reported,K5Q3Oh,2,TRUE,NA
rs702844,A,G,A,G,0.00688,-7.155e-6,0.5068,0.528026,FALSE,FALSE,FALSE,7rgHSI,0.004083,0.9986,ab42,TRUE,reported,0.0014,9.29e-7,educ,TRUE,reported,K5Q3Oh,2,TRUE,NA
rs7029718,G,A,G,A,-0.0244,-0.002756,0.5646,0.593871,FALSE,FALSE,FALSE,7rgHSI,0.004144,0.506,ab42,TRUE,reported,0.00143,7.82e-65,educ,TRUE,reported,K5Q3Oh,2,TRUE,NA
rs7032541,C,T,C,T,0.00753,7.725e-4,0.6735,0.667293,FALSE,FALSE,FALSE,7rgHSI,0.004248,0.8557,ab42,TRUE,reported,0.00149,4.66e-7,educ,TRUE,reported,K5Q3Oh,2,TRUE,NA
rs7035315,G,A,G,A,0.009,5.058e-5,0.3418,0.36108700000000005,FALSE,FALSE,FALSE,7rgHSI,0.004171,0.9903,ab42,TRUE,reported,0.00145,5.85e-10,educ,TRUE,reported,K5Q3Oh,2,TRUE,NA
rs7040995,G,C,G,C,-0.00969,-0.001469,0.4949,0.446597,FALSE,TRUE,TRUE,7rgHSI,0.004238,0.7289,ab42,TRUE,reported,0.00141,5.39e-12,educ,TRUE,reported,K5Q3Oh,2,FALSE,NA
rs7041702,G,A,G,A,0.01107,0.001692,0.2551,0.265245,FALSE,FALSE,FALSE,7rgHSI,0.004595,0.7127,ab42,TRUE,reported,0.0016,4.53e-12,educ,TRUE,reported,K5Q3Oh,2,TRUE,NA
rs706899,T,A,T,A,-0.0169,0.004614,0.04592,0.0567447,FALSE,TRUE,FALSE,7rgHSI,0.008762,0.5985,ab42,TRUE,reported,0.00337,5.14e-7,educ,TRUE,reported,K5Q3Oh,2,TRUE,NA
rs707115,C,G,C,G,-0.00808,1.434e-4,0.7585,0.782769,FALSE,TRUE,FALSE,7rgHSI,0.00498,0.977,ab42,TRUE,reported,0.00163,7.61e-7,educ,TRUE,reported,K5Q3Oh,2,TRUE,NA
rs7076810,A,G,A,G,-0.00762,0.003655,0.4439,0.427795,FALSE,FALSE,FALSE,7rgHSI,0.004067,0.3689,ab42,TRUE,reported,0.00142,7.56e-8,educ,TRUE,reported,K5Q3Oh,2,TRUE,NA
rs7077275,C,T,C,T,-0.00748,-0.004596,0.3844,0.352649,FALSE,FALSE,FALSE,7rgHSI,0.004243,0.2788,ab42,TRUE,reported,0.00145,2.54e-7,educ,TRUE,reported,K5Q3Oh,2,TRUE,NA
rs7078807,C,G,C,G,-0.00712,-0.005889,0.3367,0.368679,FALSE,TRUE,FALSE,7rgHSI,0.0044,0.1809,ab42,TRUE,reported,0.00149,1.64e-6,educ,TRUE,reported,K5Q3Oh,2,TRUE,NA
rs7080662,T,C,T,C,-0.00719,-0.008371,0.3316,0.370927,FALSE,FALSE,FALSE,7rgHSI,0.004348,0.05429,ab42,TRUE,reported,0.00148,1.21e-6,educ,TRUE,reported,K5Q3Oh,2,TRUE,NA
rs7080838,T,C,T,C,-0.00766,0.00376,0.5425,0.553449,FALSE,FALSE,FALSE,7rgHSI,0.004122,0.3618,ab42,TRUE,reported,0.00142,6.42e-8,educ,TRUE,reported,K5Q3Oh,2,TRUE,NA
rs708915,T,A,T,A,0.00899,-0.003518,0.818,0.765368,FALSE,TRUE,FALSE,7rgHSI,0.005002,0.4819,ab42,TRUE,reported,0.00172,1.68e-7,educ,TRUE,reported,K5Q3Oh,2,TRUE,NA
rs710629,A,G,A,G,0.00821,0.002613,0.6565,0.637388,FALSE,FALSE,FALSE,7rgHSI,0.004186,0.5324,ab42,TRUE,reported,0.00147,2.09e-8,educ,TRUE,reported,K5Q3Oh,2,TRUE,NA
rs7108020,C,A,C,A,-0.01111,0.001367,0.3384,0.33958999999999995,FALSE,FALSE,FALSE,7rgHSI,0.004352,0.7534,ab42,TRUE,reported,0.00147,3.91e-14,educ,TRUE,reported,K5Q3Oh,2,TRUE,NA
rs7109593,G,A,G,A,0.00837,-0.004492,0.2279,0.240776,FALSE,FALSE,FALSE,7rgHSI,0.004749,0.3443,ab42,TRUE,reported,0.00166,4.82e-7,educ,TRUE,reported,K5Q3Oh,2,TRUE,NA
rs7119188,C,A,C,A,-0.0076,-2.465e-4,0.7789,0.756852,FALSE,FALSE,FALSE,7rgHSI,0.004692,0.9581,ab42,TRUE,reported,0.00161,2.3e-6,educ,TRUE,reported,K5Q3Oh,2,TRUE,NA
rs7123273,G,A,G,A,0.00665,-0.001306,0.6173,0.638312,FALSE,FALSE,FALSE,7rgHSI,0.004247,0.7584,ab42,TRUE,reported,0.00145,4.5e-6,educ,TRUE,reported,K5Q3Oh,2,TRUE,NA
rs7126413,G,A,G,A,-0.00692,-0.002953,0.3622,0.388897,FALSE,FALSE,FALSE,7rgHSI,0.004179,0.4799,ab42,TRUE,reported,0.00145,1.7e-6,educ,TRUE,reported,K5Q3Oh,2,TRUE,NA
rs7127580,G,C,G,C,0.01503,3.761e-4,0.1156,0.0987527,FALSE,TRUE,FALSE,7rgHSI,0.00648,0.9537,ab42,TRUE,reported,0.00226,3.12e-11,educ,TRUE,reported,K5Q3Oh,2,TRUE,NA
rs7133441,A,C,A,C,-0.00843,0.006333,0.2109,0.240791,FALSE,FALSE,FALSE,7rgHSI,0.00481,0.1881,ab42,TRUE,reported,0.00163,2.45e-7,educ,TRUE,reported,K5Q3Oh,2,TRUE,NA
rs713584,G,A,G,A,0.00804,-0.003026,0.5816,0.559286,FALSE,FALSE,FALSE,7rgHSI,0.004236,0.4752,ab42,TRUE,reported,0.00142,1.48e-8,educ,TRUE,reported,K5Q3Oh,2,TRUE,NA
rs7136760,A,G,A,G,0.00767,0.00362,0.3963,0.40896200000000005,FALSE,FALSE,FALSE,7rgHSI,0.004199,0.3887,ab42,TRUE,reported,0.00146,1.39e-7,educ,TRUE,reported,K5Q3Oh,2,TRUE,NA
rs71413877,A,G,A,G,0.03506,-0.02653,0.03912,0.0355251,FALSE,FALSE,FALSE,7rgHSI,0.01177,0.02423,ab42,TRUE,reported,0.00361,2.66e-22,educ,TRUE,reported,K5Q3Oh,2,TRUE,NA
rs71414197,C,T,C,T,-0.01476,0.00386,0.059520000000000003,0.0554512,FALSE,FALSE,FALSE,7rgHSI,0.009149,0.6731,ab42,TRUE,reported,0.00307,1.51e-6,educ,TRUE,reported,K5Q3Oh,2,TRUE,NA
rs714604,G,A,G,A,-0.00729,0.004958,0.6497,0.654712,FALSE,FALSE,FALSE,7rgHSI,0.004299,0.2489,ab42,TRUE,reported,0.00148,8.98e-7,educ,TRUE,reported,K5Q3Oh,2,TRUE,NA
rs7147473,G,A,G,A,0.01027,-0.002423,0.2959,0.305343,FALSE,FALSE,FALSE,7rgHSI,0.00441,0.5827,ab42,TRUE,reported,0.00149,6.33e-12,educ,TRUE,reported,K5Q3Oh,2,TRUE,NA
rs7148741,A,G,A,G,-0.0081,0.001288,0.7585,0.769341,FALSE,FALSE,FALSE,7rgHSI,0.004979,0.7958,ab42,TRUE,reported,0.00166,1.11e-6,educ,TRUE,reported,K5Q3Oh,2,TRUE,NA
rs7152297,C,T,C,T,0.00714,1.978e-4,0.6173,0.608377,FALSE,FALSE,FALSE,7rgHSI,0.004294,0.9633,ab42,TRUE,reported,0.00145,8.94e-7,educ,TRUE,reported,K5Q3Oh,2,TRUE,NA
rs7154563,G,T,G,T,0.00751,0.001174,0.4745,0.45137000000000005,FALSE,FALSE,FALSE,7rgHSI,0.004048,0.7719,ab42,TRUE,reported,0.00142,1.18e-7,educ,TRUE,reported,K5Q3Oh,2,TRUE,NA
rs7158218,C,A,C,A,0.00902,0.001955,0.2789,0.264829,FALSE,FALSE,FALSE,7rgHSI,0.0047,0.6775,ab42,TRUE,reported,0.00155,5.63e-9,educ,TRUE,reported,K5Q3Oh,2,TRUE,NA
rs71607150,A,C,A,C,0.0135,-0.0192,0.06122,0.0754081,FALSE,FALSE,FALSE,7rgHSI,0.007811,0.01404,ab42,TRUE,reported,0.00264,3.27e-7,educ,TRUE,reported,K5Q3Oh,2,TRUE,NA
rs71646142,C,T,C,T,-0.01043,-0.003568,0.8265,0.822713,FALSE,FALSE,FALSE,7rgHSI,0.005273,0.4986,ab42,TRUE,reported,0.00179,5.69e-9,educ,TRUE,reported,K5Q3Oh,2,TRUE,NA
rs716513,A,T,A,T,0.00836,0.003309,0.5425,0.531198,FALSE,TRUE,TRUE,7rgHSI,0.004078,0.4171,ab42,TRUE,reported,0.00141,2.83e-9,educ,TRUE,reported,K5Q3Oh,2,FALSE,NA
rs71658797,A,T,A,T,-0.01145,-0.0135,0.09524,0.100539,FALSE,TRUE,FALSE,7rgHSI,0.006821,0.04779,ab42,TRUE,reported,0.00222,2.42e-7,educ,TRUE,reported,K5Q3Oh,2,TRUE,NA
rs7167688,C,T,C,T,0.00944,4.525e-4,0.4711,0.497228,FALSE,FALSE,FALSE,7rgHSI,0.004005,0.9101,ab42,TRUE,reported,0.0014,1.71e-11,educ,TRUE,reported,K5Q3Oh,2,TRUE,NA
rs7170325,T,C,T,C,0.00842,-0.0024,0.7517,0.781183,FALSE,FALSE,FALSE,7rgHSI,0.004897,0.6241,ab42,TRUE,reported,0.00172,9.75e-7,educ,TRUE,reported,K5Q3Oh,2,TRUE,NA
rs7171405,G,A,G,A,0.01006,-0.001087,0.7415,0.755667,FALSE,FALSE,FALSE,7rgHSI,0.004715,0.8176,ab42,TRUE,reported,0.00163,7.53e-10,educ,TRUE,reported,K5Q3Oh,2,TRUE,NA
rs7174236,C,G,C,G,0.00939,-0.007387,0.8146,0.821189,FALSE,TRUE,FALSE,7rgHSI,0.005346,0.1671,ab42,TRUE,reported,0.00177,1.14e-7,educ,TRUE,reported,K5Q3Oh,2,TRUE,NA
rs717996,T,C,T,C,-0.01217,0.009115,0.6207,0.624823,FALSE,FALSE,FALSE,7rgHSI,0.004145,0.02794,ab42,TRUE,reported,0.00143,1.89e-17,educ,TRUE,reported,K5Q3Oh,2,TRUE,NA
rs7182216,G,C,G,C,0.00957,0.005661,0.7738,0.775162,FALSE,TRUE,FALSE,7rgHSI,0.004951,0.2529,ab42,TRUE,reported,0.00167,1.1e-8,educ,TRUE,reported,K5Q3Oh,2,TRUE,NA
rs7186160,C,T,C,T,0.00738,0.001152,0.4286,0.449245,FALSE,FALSE,FALSE,7rgHSI,0.004036,0.7754,ab42,TRUE,reported,0.00142,2.03e-7,educ,TRUE,reported,K5Q3Oh,2,TRUE,NA
rs7195329,G,A,G,A,-0.00837,-5.032e-4,0.7364,0.740253,FALSE,FALSE,FALSE,7rgHSI,0.004531,0.9116,ab42,TRUE,reported,0.00159,1.45e-7,educ,TRUE,reported,K5Q3Oh,2,TRUE,NA
rs7200163,A,G,A,G,-0.00825,-0.001658,0.7925,0.793332,FALSE,FALSE,FALSE,7rgHSI,0.004982,0.7393,ab42,TRUE,reported,0.00175,2.3e-6,educ,TRUE,reported,K5Q3Oh,2,TRUE,NA
rs7211055,G,A,G,A,0.00806,0.004766,0.2466,0.238897,FALSE,FALSE,FALSE,7rgHSI,0.004763,0.3171,ab42,TRUE,reported,0.00161,5.82e-7,educ,TRUE,reported,K5Q3Oh,2,TRUE,NA
rs721579,T,C,T,C,-0.01102,0.002283,0.2466,0.267539,FALSE,FALSE,FALSE,7rgHSI,0.004651,0.6235,ab42,TRUE,reported,0.0016,5.96e-12,educ,TRUE,reported,K5Q3Oh,2,TRUE,NA
rs7218758,T,A,T,A,0.00861,0.006412,0.7483,0.759824,FALSE,TRUE,FALSE,7rgHSI,0.005051,0.2044,ab42,TRUE,reported,0.00172,5.2e-7,educ,TRUE,reported,K5Q3Oh,2,TRUE,NA
rs7223311,C,G,C,G,-0.00794,0.001787,0.5391,0.5285340000000001,FALSE,TRUE,TRUE,7rgHSI,0.004138,0.6659,ab42,TRUE,reported,0.00141,1.77e-8,educ,TRUE,reported,K5Q3Oh,2,FALSE,NA
rs7226824,T,C,T,C,-0.00781,7.047e-4,0.5017,0.51295,FALSE,FALSE,FALSE,7rgHSI,0.003995,0.86,ab42,TRUE,reported,0.0014,2.72e-8,educ,TRUE,reported,K5Q3Oh,2,TRUE,NA
rs7234081,T,C,T,C,0.00951,-0.002513,0.2194,0.16649199999999997,FALSE,FALSE,FALSE,7rgHSI,0.005449,0.6448,ab42,TRUE,reported,0.00188,4.01e-7,educ,TRUE,reported,K5Q3Oh,2,TRUE,NA
rs7235898,A,G,A,G,0.0074,-5.506e-4,0.2687,0.273037,FALSE,FALSE,FALSE,7rgHSI,0.004494,0.9025,ab42,TRUE,reported,0.00157,2.38e-6,educ,TRUE,reported,K5Q3Oh,2,TRUE,NA
rs7240100,G,A,G,A,-0.00779,-0.003925,0.4082,0.374961,FALSE,FALSE,FALSE,7rgHSI,0.004182,0.348,ab42,TRUE,reported,0.00144,6.77e-8,educ,TRUE,reported,K5Q3Oh,2,TRUE,NA
rs7241296,C,T,C,T,-0.00929,-0.009632,0.1395,0.14478,FALSE,FALSE,FALSE,7rgHSI,0.006072,0.1128,ab42,TRUE,reported,0.00199,2.86e-6,educ,TRUE,reported,K5Q3Oh,2,TRUE,NA
rs7244724,G,A,G,A,0.0066,0.00438,0.3571,0.405297,FALSE,FALSE,FALSE,7rgHSI,0.004067,0.2815,ab42,TRUE,reported,0.00143,4.07e-6,educ,TRUE,reported,K5Q3Oh,2,TRUE,NA
rs72482130,C,T,C,T,-0.0141,0.004635,0.1259,0.159655,FALSE,FALSE,FALSE,7rgHSI,0.005821,0.426,ab42,TRUE,reported,0.00195,4.59e-13,educ,TRUE,reported,K5Q3Oh,2,TRUE,NA
rs72486027,C,T,C,T,0.01042,0.002141,0.7211,0.737573,FALSE,FALSE,FALSE,7rgHSI,0.004681,0.6474,ab42,TRUE,reported,0.00163,1.61e-10,educ,TRUE,reported,K5Q3Oh,2,TRUE,NA
rs7248885,G,A,G,A,-0.0077,-0.001787,0.6173,0.590869,FALSE,FALSE,FALSE,7rgHSI,0.004154,0.6671,ab42,TRUE,reported,0.00145,1.13e-7,educ,TRUE,reported,K5Q3Oh,2,TRUE,NA
rs7254263,T,C,T,C,-0.01193,0.007456,0.2653,0.29384,FALSE,FALSE,FALSE,7rgHSI,0.004396,0.09001,ab42,TRUE,reported,0.00156,1.84e-14,educ,TRUE,reported,K5Q3Oh,2,TRUE,NA
rs7255223,A,C,A,C,0.00965,0.006651,0.2874,0.290853,FALSE,FALSE,FALSE,7rgHSI,0.004528,0.1419,ab42,TRUE,reported,0.00158,1.06e-9,educ,TRUE,reported,K5Q3Oh,2,TRUE,NA
rs72622559,C,T,C,T,0.01202,0.001062,0.7602,0.792177,FALSE,FALSE,FALSE,7rgHSI,0.004694,0.821,ab42,TRUE,reported,0.00167,5.5e-13,educ,TRUE,reported,K5Q3Oh,2,TRUE,NA
rs72624911,T,C,T,C,0.02825,0.01279,0.03061,0.0387897,FALSE,FALSE,FALSE,7rgHSI,0.01029,0.2139,ab42,TRUE,reported,0.00337,5.59e-17,educ,TRUE,reported,K5Q3Oh,2,TRUE,NA
rs72636697,C,T,C,T,0.01397,0.002472,0.852,0.854681,FALSE,FALSE,FALSE,7rgHSI,0.005428,0.6489,ab42,TRUE,reported,0.00197,1.31e-12,educ,TRUE,reported,K5Q3Oh,2,TRUE,NA
rs72654115,A,T,A,T,0.00837,-0.01007,0.2313,0.213258,FALSE,TRUE,FALSE,7rgHSI,0.005265,0.05601,ab42,TRUE,reported,0.00165,3.94e-7,educ,TRUE,reported,K5Q3Oh,2,TRUE,NA
rs72656488,G,A,G,A,0.00936,-0.003308,0.8384,0.8528640000000001,FALSE,FALSE,FALSE,7rgHSI,0.005845,0.5714,ab42,TRUE,reported,0.00197,1.93e-6,educ,TRUE,reported,K5Q3Oh,2,TRUE,NA
rs72661749,C,T,C,T,-0.01193,0.008577,0.07823,0.0951494,FALSE,FALSE,FALSE,7rgHSI,0.006728,0.2025,ab42,TRUE,reported,0.00228,1.68e-7,educ,TRUE,reported,K5Q3Oh,2,TRUE,NA
rs72665647,A,G,A,G,-0.0149,-0.004775,0.08163,0.0621651,FALSE,FALSE,FALSE,7rgHSI,0.00894,0.5933,ab42,TRUE,reported,0.00288,2.42e-7,educ,TRUE,reported,K5Q3Oh,2,TRUE,NA
rs72667460,C,T,C,T,-0.01969,-0.01074,0.93878,0.9452726,FALSE,FALSE,FALSE,7rgHSI,0.009411,0.2539,ab42,TRUE,reported,0.00311,2.44e-10,educ,TRUE,reported,K5Q3Oh,2,TRUE,NA
rs72671456,G,A,G,A,0.01741,-0.00399,0.8537,0.865584,FALSE,FALSE,FALSE,7rgHSI,0.00622,0.5212,ab42,TRUE,reported,0.00204,1.27e-17,educ,TRUE,reported,K5Q3Oh,2,TRUE,NA
rs72672052,T,A,T,A,0.01007,-0.004792,0.8469,0.831152,FALSE,TRUE,FALSE,7rgHSI,0.005253,0.3617,ab42,TRUE,reported,0.00184,4.87e-8,educ,TRUE,reported,K5Q3Oh,2,TRUE,NA
rs72672601,G,A,G,A,0.00752,-0.003805,0.4354,0.421127,FALSE,FALSE,FALSE,7rgHSI,0.004156,0.36,ab42,TRUE,reported,0.00142,1.11e-7,educ,TRUE,reported,K5Q3Oh,2,TRUE,NA
rs72672718,A,G,A,G,0.00734,-0.004634,0.3537,0.3419,FALSE,FALSE,FALSE,7rgHSI,0.004406,0.293,ab42,TRUE,reported,0.00149,8.98e-7,educ,TRUE,reported,K5Q3Oh,2,TRUE,NA
rs72673529,T,C,T,C,0.01055,0.004398,0.898,0.880628,FALSE,FALSE,FALSE,7rgHSI,0.006376,0.4904,ab42,TRUE,reported,0.00215,9.7e-7,educ,TRUE,reported,K5Q3Oh,2,TRUE,NA
rs72675127,C,A,C,A,0.01693,0.002534,0.03912,0.037296,FALSE,FALSE,FALSE,7rgHSI,0.01072,0.8132,ab42,TRUE,reported,0.00346,1.01e-6,educ,TRUE,reported,K5Q3Oh,2,TRUE,NA
rs72678307,G,A,G,A,-0.01631,-0.005327,0.04592,0.0371574,FALSE,FALSE,FALSE,7rgHSI,0.01061,0.6158,ab42,TRUE,reported,0.00346,2.44e-6,educ,TRUE,reported,K5Q3Oh,2,TRUE,NA
rs72679108,G,A,G,A,-0.01417,-0.00964,0.059520000000000003,0.0648137,FALSE,FALSE,FALSE,7rgHSI,0.009085,0.2887,ab42,TRUE,reported,0.00278,3.39e-7,educ,TRUE,reported,K5Q3Oh,2,TRUE,NA
rs72679494,T,C,T,C,0.0135,-0.008557,0.08163,0.047875,FALSE,FALSE,FALSE,7rgHSI,0.009074,0.3458,ab42,TRUE,reported,0.00289,2.91e-6,educ,TRUE,reported,K5Q3Oh,2,TRUE,NA
rs72688203,C,T,C,T,0.01796,-0.02052,0.96599,0.9601632,FALSE,FALSE,FALSE,7rgHSI,0.01022,0.04484,ab42,TRUE,reported,0.00391,4.34e-6,educ,TRUE,reported,K5Q3Oh,2,TRUE,NA
rs72694479,G,T,G,T,-0.01275,0.01705,0.8673,0.879335,FALSE,FALSE,FALSE,7rgHSI,0.006105,0.005248,ab42,TRUE,reported,0.00205,4.94e-10,educ,TRUE,reported,K5Q3Oh,2,TRUE,NA
rs7272983,C,T,C,T,-0.00915,-0.002169,0.1633,0.158115,FALSE,FALSE,FALSE,7rgHSI,0.005692,0.7032,ab42,TRUE,reported,0.0019,1.44e-6,educ,TRUE,reported,K5Q3Oh,2,TRUE,NA
rs72731851,C,T,C,T,-0.01317,5.178e-4,0.93197,0.9088543,FALSE,FALSE,FALSE,7rgHSI,0.007279,0.9433,ab42,TRUE,reported,0.00251,1.52e-7,educ,TRUE,reported,K5Q3Oh,2,TRUE,NA
rs72739414,T,C,T,C,0.01169,6.397e-4,0.09694,0.0872498,FALSE,FALSE,FALSE,7rgHSI,0.007222,0.9294,ab42,TRUE,reported,0.00243,1.57e-6,educ,TRUE,reported,K5Q3Oh,2,TRUE,NA
rs72757182,A,C,A,C,0.02172,-0.007636,0.03571,0.0255159,FALSE,FALSE,FALSE,7rgHSI,0.01384,0.5812,ab42,TRUE,reported,0.00421,2.54e-7,educ,TRUE,reported,K5Q3Oh,2,TRUE,NA
rs72792395,C,T,C,T,0.0145,-0.001402,0.8861,0.88705,FALSE,FALSE,FALSE,7rgHSI,0.006599,0.8318,ab42,TRUE,reported,0.00225,1.09e-10,educ,TRUE,reported,K5Q3Oh,2,TRUE,NA
rs72801644,T,C,T,C,0.01878,-0.02009,0.02721,0.0321066,FALSE,FALSE,FALSE,7rgHSI,0.01333,0.132,ab42,TRUE,reported,0.00404,3.3e-6,educ,TRUE,reported,K5Q3Oh,2,TRUE,NA
rs728054,G,A,G,A,0.0128,0.004127,0.6378,0.6558820000000001,FALSE,FALSE,FALSE,7rgHSI,0.004334,0.3411,ab42,TRUE,reported,0.00146,2.34e-18,educ,TRUE,reported,K5Q3Oh,2,TRUE,NA
rs72819118,C,T,C,T,0.02313,0.01196,0.90986,0.9056052,FALSE,FALSE,FALSE,7rgHSI,0.00757,0.1141,ab42,TRUE,reported,0.00241,8.29e-22,educ,TRUE,reported,K5Q3Oh,2,TRUE,NA
rs72819942,C,T,C,T,-0.01205,-0.008403,0.8946,0.9030182,FALSE,FALSE,FALSE,7rgHSI,0.007095,0.2363,ab42,TRUE,reported,0.00247,1.05e-6,educ,TRUE,reported,K5Q3Oh,2,TRUE,NA
rs72820466,A,C,A,C,0.0087,0.003712,0.1939,0.178719,FALSE,FALSE,FALSE,7rgHSI,0.005137,0.4699,ab42,TRUE,reported,0.00182,1.65e-6,educ,TRUE,reported,K5Q3Oh,2,TRUE,NA
rs72824753,C,T,C,T,-0.01326,-0.006055,0.09524,0.0991685,FALSE,FALSE,FALSE,7rgHSI,0.007183,0.3993,ab42,TRUE,reported,0.00236,1.93e-8,educ,TRUE,reported,K5Q3Oh,2,TRUE,NA
rs72828517,C,T,C,T,0.0168,-0.001165,0.1412,0.158439,FALSE,FALSE,FALSE,7rgHSI,0.005347,0.8275,ab42,TRUE,reported,0.0018600000000000001,1.38e-19,educ,TRUE,reported,K5Q3Oh,2,TRUE,NA
rs72829857,G,A,G,A,0.014880000000000001,0.003234,0.2449,0.240129,FALSE,FALSE,FALSE,7rgHSI,0.004678,0.4893,ab42,TRUE,reported,0.00165,1.52e-19,educ,TRUE,reported,K5Q3Oh,2,TRUE,NA
rs72855101,T,C,T,C,-0.01287,-0.0104,0.06293,0.0677087,FALSE,FALSE,FALSE,7rgHSI,0.007924,0.1896,ab42,TRUE,reported,0.00275,2.81e-6,educ,TRUE,reported,K5Q3Oh,2,TRUE,NA
rs72881110,T,A,T,A,-0.01464,0.004608,0.91156,0.9268248,FALSE,TRUE,FALSE,7rgHSI,0.007561,0.5423,ab42,TRUE,reported,0.00266,3.59e-8,educ,TRUE,reported,K5Q3Oh,2,TRUE,NA
rs72883760,G,A,G,A,-0.01012,0.007029,0.8095,0.7985530000000001,FALSE,FALSE,FALSE,7rgHSI,0.005232,0.1792,ab42,TRUE,reported,0.00176,8.64e-9,educ,TRUE,reported,K5Q3Oh,2,TRUE,NA
rs72894808,A,G,A,G,-0.008,0.006275,0.2806,0.272575,FALSE,FALSE,FALSE,7rgHSI,0.004578,0.1706,ab42,TRUE,reported,0.00159,4.82e-7,educ,TRUE,reported,K5Q3Oh,2,TRUE,NA
rs72900102,A,T,A,T,0.00929,-0.008216,0.8673,0.845042,FALSE,TRUE,FALSE,7rgHSI,0.005554,0.1392,ab42,TRUE,reported,0.00191,1.18e-6,educ,TRUE,reported,K5Q3Oh,2,TRUE,NA
rs72902523,C,T,C,T,0.01035,0.005927,0.784,0.747398,FALSE,FALSE,FALSE,7rgHSI,0.004647,0.2023,ab42,TRUE,reported,0.0016,9.85e-11,educ,TRUE,reported,K5Q3Oh,2,TRUE,NA
rs72906124,C,T,C,T,-0.01854,-0.01864,0.05102,0.051663100000000003,FALSE,FALSE,FALSE,7rgHSI,0.009035,0.03918,ab42,TRUE,reported,0.003,6.44e-10,educ,TRUE,reported,K5Q3Oh,2,TRUE,NA
rs72906665,A,G,A,G,-0.01476,-3.26e-4,0.94048,0.9557592,FALSE,FALSE,FALSE,7rgHSI,0.009857,0.9736,ab42,TRUE,reported,0.00317,3.24e-6,educ,TRUE,reported,K5Q3Oh,2,TRUE,NA
rs72917504,T,C,T,C,-0.01778,0.009833,0.05442,0.0546966,FALSE,FALSE,FALSE,7rgHSI,0.009313,0.2911,ab42,TRUE,reported,0.00299,2.91e-9,educ,TRUE,reported,K5Q3Oh,2,TRUE,NA
rs72923382,A,G,A,G,0.00776,-0.003546,0.7857,0.775162,FALSE,FALSE,FALSE,7rgHSI,0.004917,0.4709,ab42,TRUE,reported,0.0017,4.84e-6,educ,TRUE,reported,K5Q3Oh,2,TRUE,NA
rs72932883,G,C,G,C,-0.00941,-0.005696,0.1395,0.162981,FALSE,TRUE,FALSE,7rgHSI,0.005767,0.3234,ab42,TRUE,reported,0.00191,8.51e-7,educ,TRUE,reported,K5Q3Oh,2,TRUE,NA
rs72938363,A,T,A,T,0.01644,-0.03136,0.95578,0.963089,FALSE,TRUE,FALSE,7rgHSI,0.01136,0.005797,ab42,TRUE,reported,0.0035,2.61e-6,educ,TRUE,reported,K5Q3Oh,2,TRUE,NA
rs72944064,C,T,C,T,0.00983,4.018e-4,0.2432,0.237604,FALSE,FALSE,FALSE,7rgHSI,0.004736,0.9324,ab42,TRUE,reported,0.00161,9.39e-10,educ,TRUE,reported,K5Q3Oh,2,TRUE,NA
rs72962169,C,T,C,T,0.01737,0.00199,0.8503,0.841053,FALSE,FALSE,FALSE,7rgHSI,0.0056,0.7224,ab42,TRUE,reported,0.00192,1.26e-19,educ,TRUE,reported,K5Q3Oh,2,TRUE,NA
rs72972965,C,A,C,A,-0.00829,-0.009263,0.6497,0.658747,FALSE,FALSE,FALSE,7rgHSI,0.004195,0.02729,ab42,TRUE,reported,0.00149,2.94e-8,educ,TRUE,reported,K5Q3Oh,2,TRUE,NA
rs72990858,A,G,A,G,0.01271,-7.953e-4,0.1259,0.0871574,FALSE,FALSE,FALSE,7rgHSI,0.007636,0.9171,ab42,TRUE,reported,0.00239,1e-7,educ,TRUE,reported,K5Q3Oh,2,TRUE,NA
rs7299842,A,G,A,G,0.00747,7.084e-5,0.4643,0.489837,FALSE,FALSE,FALSE,7rgHSI,0.004018,0.9859,ab42,TRUE,reported,0.00142,1.36e-7,educ,TRUE,reported,K5Q3Oh,2,TRUE,NA
rs7300475,T,C,T,C,-0.00682,-2.01e-4,0.6378,0.636834,FALSE,FALSE,FALSE,7rgHSI,0.004204,0.9619,ab42,TRUE,reported,0.00145,2.47e-6,educ,TRUE,reported,K5Q3Oh,2,TRUE,NA
rs73007975,G,A,G,A,0.00895,-7.4e-5,0.8095,0.813489,FALSE,FALSE,FALSE,7rgHSI,0.005022,0.9882,ab42,TRUE,reported,0.00172,1.92e-7,educ,TRUE,reported,K5Q3Oh,2,TRUE,NA
rs73015648,G,A,G,A,0.00895,-0.01117,0.1565,0.154712,FALSE,FALSE,FALSE,7rgHSI,0.005777,0.05317,ab42,TRUE,reported,0.00191,2.78e-6,educ,TRUE,reported,K5Q3Oh,2,TRUE,NA
rs73034295,A,G,A,G,0.00985,-0.01156,0.1956,0.189175,FALSE,FALSE,FALSE,7rgHSI,0.005229,0.02709,ab42,TRUE,reported,0.00176,2.11e-8,educ,TRUE,reported,K5Q3Oh,2,TRUE,NA
rs730384,G,A,G,A,-0.01009,0.00475,0.5442,0.5747,FALSE,FALSE,FALSE,7rgHSI,0.004407,0.2812,ab42,TRUE,reported,0.00141,9.38e-13,educ,TRUE,reported,K5Q3Oh,2,TRUE,NA
rs73039077,C,G,C,G,0.00924,-0.003643,0.2228,0.23996,FALSE,TRUE,FALSE,7rgHSI,0.00492,0.4591,ab42,TRUE,reported,0.00164,1.75e-8,educ,TRUE,reported,K5Q3Oh,2,TRUE,NA
rs73040059,A,C,A,C,-0.00956,8.907e-4,0.8044,0.825747,FALSE,FALSE,FALSE,7rgHSI,0.005232,0.8648,ab42,TRUE,reported,0.00181,1.23e-7,educ,TRUE,reported,K5Q3Oh,2,TRUE,NA
rs73049290,T,C,T,C,-0.01419,0.005825,0.92007,0.9481829,FALSE,FALSE,FALSE,7rgHSI,0.008835,0.5098,ab42,TRUE,reported,0.00306,3.6e-6,educ,TRUE,reported,K5Q3Oh,2,TRUE,NA
rs73055568,G,T,G,T,0.01451,0.006849,0.94218,0.9435479,FALSE,FALSE,FALSE,7rgHSI,0.009055,0.4495,ab42,TRUE,reported,0.00317,4.69e-6,educ,TRUE,reported,K5Q3Oh,2,TRUE,NA
rs7309603,C,T,C,T,0.00903,-0.01172,0.7619,0.796243,FALSE,FALSE,FALSE,7rgHSI,0.005074,0.02094,ab42,TRUE,reported,0.00174,2.01e-7,educ,TRUE,reported,K5Q3Oh,2,TRUE,NA
rs73101171,C,T,C,T,-0.00991,0.004122,0.8469,0.849153,FALSE,FALSE,FALSE,7rgHSI,0.005873,0.4828,ab42,TRUE,reported,0.00206,1.52e-6,educ,TRUE,reported,K5Q3Oh,2,TRUE,NA
rs7311746,C,T,C,T,-0.00663,0.004393,0.5,0.519002,FALSE,FALSE,FALSE,7rgHSI,0.004078,0.2815,ab42,TRUE,reported,0.0014,2.33e-6,educ,TRUE,reported,K5Q3Oh,2,TRUE,NA
rs7312955,A,C,A,C,0.01086,0.01202,0.1173,0.32682500000000003,FALSE,FALSE,FALSE,7rgHSI,0.004356,0.005825,ab42,TRUE,reported,0.00205,1.22e-7,educ,TRUE,reported,K5Q3Oh,2,TRUE,NA
rs7313056,T,C,T,C,0.00685,-0.005942,0.5204,0.523237,FALSE,FALSE,FALSE,7rgHSI,0.004098,0.1472,ab42,TRUE,reported,0.00141,1.12e-6,educ,TRUE,reported,K5Q3Oh,2,TRUE,NA
rs7313065,C,A,C,A,0.00991,-0.002438,0.8384,0.812997,FALSE,FALSE,FALSE,7rgHSI,0.005309,0.6461,ab42,TRUE,reported,0.00189,1.52e-7,educ,TRUE,reported,K5Q3Oh,2,TRUE,NA
rs73136483,A,G,A,G,-0.00885,-0.001139,0.801,0.805775,FALSE,FALSE,FALSE,7rgHSI,0.005073,0.8224,ab42,TRUE,reported,0.00179,7.43e-7,educ,TRUE,reported,K5Q3Oh,2,TRUE,NA
rs73154546,A,C,A,C,0.0197,-0.01388,0.03741,0.0327071,FALSE,FALSE,FALSE,7rgHSI,0.01073,0.1958,ab42,TRUE,reported,0.0036,4.57e-8,educ,TRUE,reported,K5Q3Oh,2,TRUE,NA
rs7317221,A,C,A,C,-0.00836,-0.002153,0.8095,0.7971969999999999,FALSE,FALSE,FALSE,7rgHSI,0.005197,0.6786,ab42,TRUE,reported,0.00173,1.34e-6,educ,TRUE,reported,K5Q3Oh,2,TRUE,NA
rs73175381,A,T,A,T,0.01618,-0.006974,0.96088,0.9531722,FALSE,TRUE,FALSE,7rgHSI,0.01037,0.5012,ab42,TRUE,reported,0.00331,1.05e-6,educ,TRUE,reported,K5Q3Oh,2,TRUE,NA
rs7317761,C,G,C,G,0.01088,-0.003882,0.7415,0.722513,FALSE,TRUE,FALSE,7rgHSI,0.004639,0.4027,ab42,TRUE,reported,0.00159,7.77e-12,educ,TRUE,reported,K5Q3Oh,2,TRUE,NA
rs73191311,A,G,A,G,-0.00944,0.001706,0.3112,0.332014,FALSE,FALSE,FALSE,7rgHSI,0.00438,0.697,ab42,TRUE,reported,0.00148,2.03e-10,educ,TRUE,reported,K5Q3Oh,2,TRUE,NA
rs73204704,C,G,C,G,0.01195,2.211e-5,0.8844,0.9169233,FALSE,TRUE,FALSE,7rgHSI,0.007871,0.9978,ab42,TRUE,reported,0.00247,1.26e-6,educ,TRUE,reported,K5Q3Oh,2,TRUE,NA
rs73205936,C,A,C,A,-0.00812,-1.087e-5,0.7177,0.72045,FALSE,FALSE,FALSE,7rgHSI,0.004547,0.9981,ab42,TRUE,reported,0.00157,2.43e-7,educ,TRUE,reported,K5Q3Oh,2,TRUE,NA
rs7321274,G,A,G,A,-0.01139,0.01453,0.1956,0.188944,FALSE,FALSE,FALSE,7rgHSI,0.005214,0.005341,ab42,TRUE,reported,0.00175,8.21e-11,educ,TRUE,reported,K5Q3Oh,2,TRUE,NA
rs73219806,C,A,C,A,-0.0106,0.002131,0.8401,0.829381,FALSE,FALSE,FALSE,7rgHSI,0.00528,0.6865,ab42,TRUE,reported,0.00189,1.97e-8,educ,TRUE,reported,K5Q3Oh,2,TRUE,NA
rs73224026,A,T,A,T,-0.00983,0.002474,0.7245,0.71295,FALSE,TRUE,FALSE,7rgHSI,0.004403,0.5743,ab42,TRUE,reported,0.00208,2.29e-6,educ,TRUE,reported,K5Q3Oh,2,TRUE,NA
rs7323027,G,A,G,A,-0.01297,-0.008023,0.5612,0.614552,FALSE,FALSE,FALSE,7rgHSI,0.00413,0.05218,ab42,TRUE,reported,0.00145,3.91e-19,educ,TRUE,reported,K5Q3Oh,2,TRUE,NA
rs7326331,A,G,A,G,-0.0128,-0.00302,0.2619,0.26891,FALSE,FALSE,FALSE,7rgHSI,0.004533,0.5053,ab42,TRUE,reported,0.00157,3.42e-16,educ,TRUE,reported,K5Q3Oh,2,TRUE,NA
rs73290565,T,C,T,C,-0.01427,0.005883,0.06122,0.0723437,FALSE,FALSE,FALSE,7rgHSI,0.008231,0.4749,ab42,TRUE,reported,0.00282,4.37e-7,educ,TRUE,reported,K5Q3Oh,2,TRUE,NA
rs7333291,T,C,T,C,0.00982,-0.004091,0.1293,0.142054,FALSE,FALSE,FALSE,7rgHSI,0.005976,0.49370000000000003,ab42,TRUE,reported,0.00211,3.14e-6,educ,TRUE,reported,K5Q3Oh,2,TRUE,NA
rs73344830,G,A,G,A,-0.01696,4.319e-4,0.602,0.59033,FALSE,FALSE,FALSE,7rgHSI,0.00406,0.9153,ab42,TRUE,reported,0.00142,1e-32,educ,TRUE,reported,K5Q3Oh,2,TRUE,NA
rs73348977,A,G,A,G,0.01535,0.008266,0.03741,0.0643979,FALSE,FALSE,FALSE,7rgHSI,0.008488,0.3302,ab42,TRUE,reported,0.00312,8.85e-7,educ,TRUE,reported,K5Q3Oh,2,TRUE,NA
rs73366468,A,G,A,G,0.00996,-4.305e-4,0.1684,0.147706,FALSE,FALSE,FALSE,7rgHSI,0.005712,0.9399,ab42,TRUE,reported,0.00192,2.13e-7,educ,TRUE,reported,K5Q3Oh,2,TRUE,NA
rs73405293,A,G,A,G,0.01134,4.174e-4,0.1718,0.160148,FALSE,FALSE,FALSE,7rgHSI,0.005521,0.9398,ab42,TRUE,reported,0.00196,7.42e-9,educ,TRUE,reported,K5Q3Oh,2,TRUE,NA
rs73457936,G,A,G,A,-0.0144,-0.002803,0.07313,0.0728519,FALSE,FALSE,FALSE,7rgHSI,0.008083,0.7288,ab42,TRUE,reported,0.00252,1.11e-8,educ,TRUE,reported,K5Q3Oh,2,TRUE,NA
rs73518807,G,C,G,C,0.01281,-0.01173,0.6803,0.725008,FALSE,TRUE,FALSE,7rgHSI,0.004592,0.01069,ab42,TRUE,reported,0.0021,1.15e-9,educ,TRUE,reported,K5Q3Oh,2,TRUE,NA
rs7356536,C,T,C,T,0.01293,-0.001133,0.1446,0.142624,FALSE,FALSE,FALSE,7rgHSI,0.005917,0.8482,ab42,TRUE,reported,0.00205,2.95e-10,educ,TRUE,reported,K5Q3Oh,2,TRUE,NA
rs7356758,T,G,T,G,-0.00827,-0.00398,0.233,0.230136,FALSE,FALSE,FALSE,7rgHSI,0.004981,0.4243,ab42,TRUE,reported,0.00168,8.51e-7,educ,TRUE,reported,K5Q3Oh,2,TRUE,NA
rs736281,C,T,C,T,-0.00856,1.442e-4,0.619,0.632661,FALSE,FALSE,FALSE,7rgHSI,0.004133,0.9722,ab42,TRUE,reported,0.00144,2.49e-9,educ,TRUE,reported,K5Q3Oh,2,TRUE,NA
rs73643713,C,T,C,T,0.01648,-0.01862,0.07143,0.0718201,FALSE,FALSE,FALSE,7rgHSI,0.008012,0.02019,ab42,TRUE,reported,0.00271,1.24e-9,educ,TRUE,reported,K5Q3Oh,2,TRUE,NA
rs73693135,A,G,A,G,-0.01951,-0.006488,0.02721,0.0466739,FALSE,FALSE,FALSE,7rgHSI,0.01114,0.5602,ab42,TRUE,reported,0.00409,1.87e-6,educ,TRUE,reported,K5Q3Oh,2,TRUE,NA
rs73717691,A,T,A,T,-0.0134,-0.004955,0.07143,0.0758238,FALSE,TRUE,FALSE,7rgHSI,0.008061,0.5388,ab42,TRUE,reported,0.00285,2.49e-6,educ,TRUE,reported,K5Q3Oh,2,TRUE,NA
rs737902,G,A,G,A,0.00831,1.368e-4,0.7058,0.735356,FALSE,FALSE,FALSE,7rgHSI,0.004709,0.9768,ab42,TRUE,reported,0.00157,1.32e-7,educ,TRUE,reported,K5Q3Oh,2,TRUE,NA
rs737945,C,G,C,G,-0.0115,9.768e-4,0.4796,0.443301,FALSE,TRUE,TRUE,7rgHSI,0.004044,0.8092,ab42,TRUE,reported,0.00141,3.73e-16,educ,TRUE,reported,K5Q3Oh,2,FALSE,NA
rs73874335,C,T,C,T,0.01783,-0.00719,0.94048,0.9433323,FALSE,FALSE,FALSE,7rgHSI,0.008167,0.3788,ab42,TRUE,reported,0.00294,1.29e-9,educ,TRUE,reported,K5Q3Oh,2,TRUE,NA
rs73914230,G,A,G,A,-0.01777,-0.01887,0.05272,0.0414229,FALSE,FALSE,FALSE,7rgHSI,0.01081,0.08106,ab42,TRUE,reported,0.00382,3.38e-6,educ,TRUE,reported,K5Q3Oh,2,TRUE,NA
rs73961845,G,A,G,A,0.01141,0.002467,0.3384,0.361565,FALSE,FALSE,FALSE,7rgHSI,0.004272,0.5636,ab42,TRUE,reported,0.00144,2.52e-15,educ,TRUE,reported,K5Q3Oh,2,TRUE,NA
rs73984100,G,T,G,T,-0.00842,0.002117,0.7432,0.776132,FALSE,FALSE,FALSE,7rgHSI,0.00474,0.6551,ab42,TRUE,reported,0.00162,2.13e-7,educ,TRUE,reported,K5Q3Oh,2,TRUE,NA
rs74091672,C,A,C,A,0.01533,-0.007077,0.1241,0.104296,FALSE,FALSE,FALSE,7rgHSI,0.006545,0.2796,ab42,TRUE,reported,0.00223,6.46e-12,educ,TRUE,reported,K5Q3Oh,2,TRUE,NA
rs7419274,C,T,C,T,0.00812,0.003604,0.7551,0.780305,FALSE,FALSE,FALSE,7rgHSI,0.00525,0.4925,ab42,TRUE,reported,0.00172,2.23e-6,educ,TRUE,reported,K5Q3Oh,2,TRUE,NA
rs7430651,C,T,C,T,0.01107,-0.002533,0.7007,0.725793,FALSE,FALSE,FALSE,7rgHSI,0.004502,0.5737,ab42,TRUE,reported,0.00155,9.38e-13,educ,TRUE,reported,K5Q3Oh,2,TRUE,NA
rs7431531,C,T,C,T,0.00765,0.005297,0.3112,0.311672,FALSE,FALSE,FALSE,7rgHSI,0.004304,0.2185,ab42,TRUE,reported,0.0015,3.37e-7,educ,TRUE,reported,K5Q3Oh,2,TRUE,NA
rs743316,T,C,T,C,0.01122,0.003301,0.818,0.775208,FALSE,FALSE,FALSE,7rgHSI,0.004931,0.5032,ab42,TRUE,reported,0.00173,8.21e-11,educ,TRUE,reported,K5Q3Oh,2,TRUE,NA
rs743581,T,G,T,G,-0.00665,8.418e-4,0.3827,0.374515,FALSE,FALSE,FALSE,7rgHSI,0.004206,0.8414,ab42,TRUE,reported,0.00146,4.84e-6,educ,TRUE,reported,K5Q3Oh,2,TRUE,NA
rs74411049,C,T,C,T,-0.01777,2.103e-4,0.96939,0.9596859,FALSE,FALSE,FALSE,7rgHSI,0.01073,0.9844,ab42,TRUE,reported,0.00355,5.54e-7,educ,TRUE,reported,K5Q3Oh,2,TRUE,NA
rs74415461,C,T,C,T,-0.01757,0.002055,0.93878,0.9349553,FALSE,FALSE,FALSE,7rgHSI,0.007835,0.7931,ab42,TRUE,reported,0.00256,6.25e-12,educ,TRUE,reported,K5Q3Oh,2,TRUE,NA
rs74462621,T,C,T,C,0.01246,-0.005726,0.1276,0.128349,FALSE,FALSE,FALSE,7rgHSI,0.006206,0.3563,ab42,TRUE,reported,0.00205,1.21e-9,educ,TRUE,reported,K5Q3Oh,2,TRUE,NA
rs7447517,C,T,C,T,-0.00695,0.007773,0.6922,0.668925,FALSE,FALSE,FALSE,7rgHSI,0.004415,0.07841,ab42,TRUE,reported,0.0015,3.3e-6,educ,TRUE,reported,K5Q3Oh,2,TRUE,NA
rs7449561,A,G,A,G,0.01025,-5.272e-4,0.267,0.234278,FALSE,FALSE,FALSE,7rgHSI,0.00496,0.9154,ab42,TRUE,reported,0.00168,9.73e-10,educ,TRUE,reported,K5Q3Oh,2,TRUE,NA
rs74514739,A,T,A,T,-0.02227,0.007936,0.02041,0.0219587,FALSE,TRUE,FALSE,7rgHSI,0.01321,0.5481,ab42,TRUE,reported,0.00453,8.72e-7,educ,TRUE,reported,K5Q3Oh,2,TRUE,NA
rs7451726,A,G,A,G,0.01095,0.007312,0.7857,0.7545580000000001,FALSE,FALSE,FALSE,7rgHSI,0.004851,0.1318,ab42,TRUE,reported,0.00174,2.86e-10,educ,TRUE,reported,K5Q3Oh,2,TRUE,NA
rs74545339,A,G,A,G,-0.01576,0.008175,0.08844,0.108454,FALSE,FALSE,FALSE,7rgHSI,0.006713,0.2234,ab42,TRUE,reported,0.00221,9.06e-13,educ,TRUE,reported,K5Q3Oh,2,TRUE,NA
rs74615093,A,G,A,G,0.01447,0.003061,0.08844,0.0685556,FALSE,FALSE,FALSE,7rgHSI,0.007878,0.6976,ab42,TRUE,reported,0.00263,3.67e-8,educ,TRUE,reported,K5Q3Oh,2,TRUE,NA
rs74632204,G,A,G,A,-0.02482,0.007061,0.98299,0.9748075,FALSE,FALSE,FALSE,7rgHSI,0.01399,0.6138,ab42,TRUE,reported,0.00468,1.16e-7,educ,TRUE,reported,K5Q3Oh,2,TRUE,NA
rs74679388,C,T,C,T,0.00931,0.005436,0.8282,0.830443,FALSE,FALSE,FALSE,7rgHSI,0.005611,0.3328,ab42,TRUE,reported,0.00195,1.79e-6,educ,TRUE,reported,K5Q3Oh,2,TRUE,NA
rs746839,G,C,G,C,-0.01355,0.004602,0.3537,0.354004,FALSE,TRUE,FALSE,7rgHSI,0.004279,0.2823,ab42,TRUE,reported,0.00145,1.19e-20,educ,TRUE,reported,K5Q3Oh,2,TRUE,NA
rs74747621,C,T,C,T,-0.01526,0.01086,0.8827,0.9002156,FALSE,FALSE,FALSE,7rgHSI,0.006503,0.09494,ab42,TRUE,reported,0.00222,6.29e-12,educ,TRUE,reported,K5Q3Oh,2,TRUE,NA
rs7475879,A,T,A,T,-0.00745,0.005417,0.4796,0.44206999999999996,FALSE,TRUE,TRUE,7rgHSI,0.00405,0.1812,ab42,TRUE,reported,0.00143,2.05e-7,educ,TRUE,reported,K5Q3Oh,2,FALSE,NA
rs74787922,C,A,C,A,-0.01823,-0.001842,0.07993,0.0725593,FALSE,FALSE,FALSE,7rgHSI,0.008,0.8179,ab42,TRUE,reported,0.00281,8.97e-11,educ,TRUE,reported,K5Q3Oh,2,TRUE,NA
rs74944275,C,T,C,T,-0.02307,8.482e-4,0.97109,0.9664306,FALSE,FALSE,FALSE,7rgHSI,0.01114,0.9393,ab42,TRUE,reported,0.0035,4.44e-11,educ,TRUE,reported,K5Q3Oh,2,TRUE,NA
rs74944857,T,G,T,G,-0.00886,0.004484,0.2942,0.306344,FALSE,FALSE,FALSE,7rgHSI,0.00447,0.316,ab42,TRUE,reported,0.0015,3.62e-9,educ,TRUE,reported,K5Q3Oh,2,TRUE,NA
rs7495033,T,A,T,A,-0.00955,-0.004831,0.449,0.30267900000000003,FALSE,TRUE,TRUE,7rgHSI,0.004358,0.2677,ab42,TRUE,reported,0.00154,5.92e-10,educ,TRUE,reported,K5Q3Oh,2,FALSE,NA
rs74950708,G,A,G,A,0.01861,0.03262,0.97109,0.9724361,FALSE,FALSE,FALSE,7rgHSI,0.01179,0.005718,ab42,TRUE,reported,0.00401,3.41e-6,educ,TRUE,reported,K5Q3Oh,2,TRUE,NA
rs749694,A,G,A,G,0.01616,0.001139,0.4609,0.482769,FALSE,FALSE,FALSE,7rgHSI,0.004037,0.7779,ab42,TRUE,reported,0.00141,1.46e-30,educ,TRUE,reported,K5Q3Oh,2,TRUE,NA
rs7499683,T,C,T,C,0.00648,-0.002732,0.3946,0.429396,FALSE,FALSE,FALSE,7rgHSI,0.004033,0.4981,ab42,TRUE,reported,0.00142,4.86e-6,educ,TRUE,reported,K5Q3Oh,2,TRUE,NA
rs7502541,C,G,C,G,0.00766,0.001324,0.2993,0.29963,FALSE,TRUE,FALSE,7rgHSI,0.004395,0.7633,ab42,TRUE,reported,0.00151,3.9e-7,educ,TRUE,reported,K5Q3Oh,2,TRUE,NA
rs7503223,C,T,C,T,0.00668,-0.002409,0.4371,0.43674199999999996,FALSE,FALSE,FALSE,7rgHSI,0.004029,0.55,ab42,TRUE,reported,0.00142,2.44e-6,educ,TRUE,reported,K5Q3Oh,2,TRUE,NA
rs75197938,A,G,A,G,0.0165,-0.002752,0.04082,0.0368802,FALSE,FALSE,FALSE,7rgHSI,0.01057,0.7946,ab42,TRUE,reported,0.00359,4.4e-6,educ,TRUE,reported,K5Q3Oh,2,TRUE,NA
rs75239758,C,T,C,T,-0.01803,-0.0103,0.02891,0.0323221,FALSE,FALSE,FALSE,7rgHSI,0.01226,0.401,ab42,TRUE,reported,0.00392,4.15e-6,educ,TRUE,reported,K5Q3Oh,2,TRUE,NA
rs7524020,T,A,T,A,0.00776,3.823e-4,0.301,0.28531,FALSE,TRUE,FALSE,7rgHSI,0.004606,0.9338,ab42,TRUE,reported,0.00157,8.03e-7,educ,TRUE,reported,K5Q3Oh,2,TRUE,NA
rs75246386,T,C,T,C,0.01405,1.601e-4,0.93197,0.9161842,FALSE,FALSE,FALSE,7rgHSI,0.007611,0.9832,ab42,TRUE,reported,0.00285,8.19e-7,educ,TRUE,reported,K5Q3Oh,2,TRUE,NA
rs7526112,T,G,T,G,0.01241,-0.005448,0.6429,0.640484,FALSE,FALSE,FALSE,7rgHSI,0.004278,0.203,ab42,TRUE,reported,0.00146,2.07e-17,educ,TRUE,reported,K5Q3Oh,2,TRUE,NA
rs75304016,A,G,A,G,0.02178,0.00114,0.95918,0.9608562,FALSE,FALSE,FALSE,7rgHSI,0.01468,0.9381,ab42,TRUE,reported,0.0043,4.1e-7,educ,TRUE,reported,K5Q3Oh,2,TRUE,NA
rs75308819,G,A,G,A,-0.02871,-0.01527,0.97449,0.9827841,FALSE,FALSE,FALSE,7rgHSI,0.0142,0.2823,ab42,TRUE,reported,0.00469,9.39e-10,educ,TRUE,reported,K5Q3Oh,2,TRUE,NA
rs7531138,T,A,T,A,-0.00651,-0.01134,0.5238,0.5446869999999999,FALSE,TRUE,TRUE,7rgHSI,0.004123,0.005995,ab42,TRUE,reported,0.00141,3.95e-6,educ,TRUE,reported,K5Q3Oh,2,FALSE,NA
rs7537039,G,A,G,A,0.00673,0.006613,0.4303,0.462427,FALSE,FALSE,FALSE,7rgHSI,0.004114,0.1081,ab42,TRUE,reported,0.00142,2.06e-6,educ,TRUE,reported,K5Q3Oh,2,TRUE,NA
rs75416360,C,T,C,T,-0.01533,0.006551,0.93537,0.9511395,FALSE,FALSE,FALSE,7rgHSI,0.00887,0.4602,ab42,TRUE,reported,0.003,3.3e-7,educ,TRUE,reported,K5Q3Oh,2,TRUE,NA
rs7542025,G,A,G,A,0.007,9.086e-4,0.3112,0.35030799999999995,FALSE,FALSE,FALSE,7rgHSI,0.004295,0.8325,ab42,TRUE,reported,0.00147,2.03e-6,educ,TRUE,reported,K5Q3Oh,2,TRUE,NA
rs75438759,T,C,T,C,0.01037,0.003221,0.131,0.122313,FALSE,FALSE,FALSE,7rgHSI,0.005994,0.5911,ab42,TRUE,reported,0.00204,3.53e-7,educ,TRUE,reported,K5Q3Oh,2,TRUE,NA
rs75472304,C,T,C,T,-0.01197,-0.001541,0.90816,0.9140437,FALSE,FALSE,FALSE,7rgHSI,0.007275,0.8322,ab42,TRUE,reported,0.00239,5.51e-7,educ,TRUE,reported,K5Q3Oh,2,TRUE,NA
rs7549469,A,T,A,T,0.00695,6.39e-4,0.6837,0.6856329999999999,FALSE,TRUE,FALSE,7rgHSI,0.004531,0.8878,ab42,TRUE,reported,0.00151,4.09e-6,educ,TRUE,reported,K5Q3Oh,2,TRUE,NA
rs75500877,C,T,C,T,-0.02066,0.005041,0.94898,0.957915,FALSE,FALSE,FALSE,7rgHSI,0.009862,0.6092,ab42,TRUE,reported,0.00326,2.48e-10,educ,TRUE,reported,K5Q3Oh,2,TRUE,NA
rs7552964,A,T,A,T,0.01482,0.004272,0.09694,0.10134,FALSE,TRUE,FALSE,7rgHSI,0.006759,0.5274,ab42,TRUE,reported,0.00232,1.78e-10,educ,TRUE,reported,K5Q3Oh,2,TRUE,NA
rs7555294,T,C,T,C,0.00881,-2.283e-4,0.2058,0.205035,FALSE,FALSE,FALSE,7rgHSI,0.005149,0.9646,ab42,TRUE,reported,0.00175,5.07e-7,educ,TRUE,reported,K5Q3Oh,2,TRUE,NA
rs755807,G,A,G,A,-0.0065,-0.003138,0.4541,0.420773,FALSE,FALSE,FALSE,7rgHSI,0.004111,0.4453,ab42,TRUE,reported,0.00141,4e-6,educ,TRUE,reported,K5Q3Oh,2,TRUE,NA
rs7560871,A,G,A,G,-0.01935,0.01023,0.059520000000000003,0.0721281,FALSE,FALSE,FALSE,7rgHSI,0.008147,0.2093,ab42,TRUE,reported,0.00268,5.24e-13,educ,TRUE,reported,K5Q3Oh,2,TRUE,NA
rs7561705,A,G,A,G,0.00781,-0.001242,0.4881,0.44610399999999995,FALSE,FALSE,FALSE,7rgHSI,0.004022,0.7574,ab42,TRUE,reported,0.00141,2.71e-8,educ,TRUE,reported,K5Q3Oh,2,TRUE,NA
rs7570647,A,G,A,G,-0.00801,-0.002969,0.6633,0.7091620000000001,FALSE,FALSE,FALSE,7rgHSI,0.004412,0.501,ab42,TRUE,reported,0.00153,1.67e-7,educ,TRUE,reported,K5Q3Oh,2,TRUE,NA
rs7573618,A,G,A,G,0.00777,0.004724,0.3861,0.379443,FALSE,FALSE,FALSE,7rgHSI,0.004114,0.2509,ab42,TRUE,reported,0.00143,5.42e-8,educ,TRUE,reported,K5Q3Oh,2,TRUE,NA
rs757436,A,T,A,T,0.00714,-0.002571,0.3418,0.408084,FALSE,TRUE,FALSE,7rgHSI,0.004177,0.5383,ab42,TRUE,reported,0.00143,6.23e-7,educ,TRUE,reported,K5Q3Oh,2,TRUE,NA
rs7575637,A,G,A,G,0.01068,-5.864e-4,0.4779,0.454604,FALSE,FALSE,FALSE,7rgHSI,0.004079,0.8857,ab42,TRUE,reported,0.00141,3.43e-14,educ,TRUE,reported,K5Q3Oh,2,TRUE,NA
rs75756843,G,A,G,A,-0.0288,-0.01975,0.96769,0.9777025,FALSE,FALSE,FALSE,7rgHSI,0.01455,0.1746,ab42,TRUE,reported,0.00495,5.79e-9,educ,TRUE,reported,K5Q3Oh,2,TRUE,NA
rs7575938,A,G,A,G,0.00901,1.515e-4,0.3707,0.326871,FALSE,FALSE,FALSE,7rgHSI,0.004301,0.9719,ab42,TRUE,reported,0.00148,1.13e-9,educ,TRUE,reported,K5Q3Oh,2,TRUE,NA
rs7583733,A,G,A,G,-0.00651,-0.001188,0.5238,0.494749,FALSE,FALSE,FALSE,7rgHSI,0.004158,0.7751,ab42,TRUE,reported,0.0014,3.54e-6,educ,TRUE,reported,K5Q3Oh,2,TRUE,NA
rs75841665,T,C,T,C,0.01814,-0.01386,0.06122,0.0425932,FALSE,FALSE,FALSE,7rgHSI,0.01074,0.1969,ab42,TRUE,reported,0.00342,1.12e-7,educ,TRUE,reported,K5Q3Oh,2,TRUE,NA
rs7588683,A,G,A,G,-0.00764,0.002472,0.5833,0.594456,FALSE,FALSE,FALSE,7rgHSI,0.004193,0.5556,ab42,TRUE,reported,0.00145,1.42e-7,educ,TRUE,reported,K5Q3Oh,2,TRUE,NA
rs7590852,C,T,C,T,0.00821,-0.003589,0.7381,0.758885,FALSE,FALSE,FALSE,7rgHSI,0.004698,0.445,ab42,TRUE,reported,0.00163,4.41e-7,educ,TRUE,reported,K5Q3Oh,2,TRUE,NA
rs75917388,G,C,G,C,-0.00976,-0.001779,0.1565,0.147783,FALSE,TRUE,FALSE,7rgHSI,0.005917,0.7637,ab42,TRUE,reported,0.00197,7.61e-7,educ,TRUE,reported,K5Q3Oh,2,TRUE,NA
rs7593100,T,C,T,C,0.01392,0.001119,0.08333,0.0852941,FALSE,FALSE,FALSE,7rgHSI,0.007523,0.8818,ab42,TRUE,reported,0.0026,8.95e-8,educ,TRUE,reported,K5Q3Oh,2,TRUE,NA
rs75931210,C,T,C,T,-0.0175,-0.01953,0.03571,0.0473668,FALSE,FALSE,FALSE,7rgHSI,0.01075,0.06941,ab42,TRUE,reported,0.00381,4.24e-6,educ,TRUE,reported,K5Q3Oh,2,TRUE,NA
rs75943566,C,T,C,T,0.0078,8.276e-4,0.2228,0.217,FALSE,FALSE,FALSE,7rgHSI,0.004728,0.8611,ab42,TRUE,reported,0.00163,1.59e-6,educ,TRUE,reported,K5Q3Oh,2,TRUE,NA
rs7597126,C,T,C,T,0.00943,-4.207e-4,0.5221,0.494718,FALSE,FALSE,FALSE,7rgHSI,0.004174,0.9197,ab42,TRUE,reported,0.00141,2.46e-11,educ,TRUE,reported,K5Q3Oh,2,TRUE,NA
rs7597412,C,G,C,G,0.00876,-0.005654,0.3827,0.359008,FALSE,TRUE,FALSE,7rgHSI,0.004284,0.187,ab42,TRUE,reported,0.00145,1.68e-9,educ,TRUE,reported,K5Q3Oh,2,TRUE,NA
rs7598465,A,T,A,T,-0.00765,-8.336e-4,0.5051,0.52607,FALSE,TRUE,TRUE,7rgHSI,0.004048,0.8369,ab42,TRUE,reported,0.00141,5.68e-8,educ,TRUE,reported,K5Q3Oh,2,FALSE,NA
rs7603132,G,A,G,A,-0.01373,-0.001425,0.8452,0.816415,FALSE,FALSE,FALSE,7rgHSI,0.005173,0.783,ab42,TRUE,reported,0.00178,1.2e-14,educ,TRUE,reported,K5Q3Oh,2,TRUE,NA
rs76070585,C,T,C,T,0.01146,0.008925,0.09524,0.0965661,FALSE,FALSE,FALSE,7rgHSI,0.007162,0.2128,ab42,TRUE,reported,0.00235,1.05e-6,educ,TRUE,reported,K5Q3Oh,2,TRUE,NA
rs76076331,C,T,C,T,-0.02056,0.006801,0.869,0.877395,FALSE,FALSE,FALSE,7rgHSI,0.00604,0.2602,ab42,TRUE,reported,0.00206,1.71e-23,educ,TRUE,reported,K5Q3Oh,2,TRUE,NA
rs76133558,A,G,A,G,-0.00909,0.001594,0.182,0.155882,FALSE,FALSE,FALSE,7rgHSI,0.005997,0.7904,ab42,TRUE,reported,0.00196,3.46e-6,educ,TRUE,reported,K5Q3Oh,2,TRUE,NA
rs76145129,T,G,T,G,0.01009,0.01396,0.1054,0.115815,FALSE,FALSE,FALSE,7rgHSI,0.006957,0.04497,ab42,TRUE,reported,0.00219,3.89e-6,educ,TRUE,reported,K5Q3Oh,2,TRUE,NA
rs76167860,T,C,T,C,-0.01175,-0.008679,0.8673,0.893548,FALSE,FALSE,FALSE,7rgHSI,0.006633,0.1908,ab42,TRUE,reported,0.00228,2.45e-7,educ,TRUE,reported,K5Q3Oh,2,TRUE,NA
rs7617117,C,G,C,G,-0.00681,-6.766e-7,0.5187,0.509116,FALSE,TRUE,TRUE,7rgHSI,0.004187,0.9999,ab42,TRUE,reported,0.0014,1.2e-6,educ,TRUE,reported,K5Q3Oh,2,FALSE,NA
rs7617204,A,G,A,G,-0.00973,0.007022,0.5102,0.526193,FALSE,FALSE,FALSE,7rgHSI,0.004034,0.08184,ab42,TRUE,reported,0.0014,4.33e-12,educ,TRUE,reported,K5Q3Oh,2,TRUE,NA
rs76187097,G,A,G,A,-0.01066,3.785e-4,0.8861,0.89461,FALSE,FALSE,FALSE,7rgHSI,0.006629,0.9545,ab42,TRUE,reported,0.00223,1.8e-6,educ,TRUE,reported,K5Q3Oh,2,TRUE,NA
rs76218411,G,A,G,A,0.01757,0.00622,0.96769,0.9707884,FALSE,FALSE,FALSE,7rgHSI,0.01159,0.5917,ab42,TRUE,reported,0.00378,3.32e-6,educ,TRUE,reported,K5Q3Oh,2,TRUE,NA
rs7623169,C,T,C,T,-0.01377,-0.004672,0.94218,0.9207268,FALSE,FALSE,FALSE,7rgHSI,0.008009,0.5597,ab42,TRUE,reported,0.00269,3.1e-7,educ,TRUE,reported,K5Q3Oh,2,TRUE,NA
rs76235882,G,A,G,A,-0.02415,-0.0041660000000000004,0.02211,0.0300585,FALSE,FALSE,FALSE,7rgHSI,0.0119,0.7263,ab42,TRUE,reported,0.00387,4.52e-10,educ,TRUE,reported,K5Q3Oh,2,TRUE,NA
rs7625428,C,T,C,T,-0.00975,-6.278e-4,0.4014,0.420265,FALSE,FALSE,FALSE,7rgHSI,0.004119,0.8789,ab42,TRUE,reported,0.00144,1.07e-11,educ,TRUE,reported,K5Q3Oh,2,TRUE,NA
rs7626224,G,T,G,T,-0.00871,-0.006604,0.2398,0.23785,FALSE,FALSE,FALSE,7rgHSI,0.004648,0.1554,ab42,TRUE,reported,0.00163,9.73e-8,educ,TRUE,reported,K5Q3Oh,2,TRUE,NA
rs76267866,T,A,T,A,-0.01043,-0.007776,0.1871,0.201879,FALSE,TRUE,FALSE,7rgHSI,0.005106,0.1279,ab42,TRUE,reported,0.00173,1.64e-9,educ,TRUE,reported,K5Q3Oh,2,TRUE,NA
rs7629643,G,A,G,A,0.00829,0.00417,0.7687,0.77413,FALSE,FALSE,FALSE,7rgHSI,0.005026,0.4067,ab42,TRUE,reported,0.00176,2.58e-6,educ,TRUE,reported,K5Q3Oh,2,TRUE,NA
rs7632055,G,T,G,T,0.00645,6.869e-4,0.4813,0.518448,FALSE,FALSE,FALSE,7rgHSI,0.004053,0.8654,ab42,TRUE,reported,0.0014,4.3e-6,educ,TRUE,reported,K5Q3Oh,2,TRUE,NA
rs7632060,G,A,G,A,-0.00722,-0.004733,0.6633,0.672005,FALSE,FALSE,FALSE,7rgHSI,0.004312,0.2724,ab42,TRUE,reported,0.00152,2.09e-6,educ,TRUE,reported,K5Q3Oh,2,TRUE,NA
rs763553,G,A,G,A,-0.00872,-0.008846,0.568,0.543702,FALSE,FALSE,FALSE,7rgHSI,0.004101,0.03109,ab42,TRUE,reported,0.00141,6.41e-10,educ,TRUE,reported,K5Q3Oh,2,TRUE,NA
rs76387355,G,A,G,A,0.01404,-0.006912,0.95578,0.9482445,FALSE,FALSE,FALSE,7rgHSI,0.008646,0.4241,ab42,TRUE,reported,0.00291,1.44e-6,educ,TRUE,reported,K5Q3Oh,2,TRUE,NA
rs7640424,C,T,C,T,-0.01132,-0.00231,0.682,0.69287,FALSE,FALSE,FALSE,7rgHSI,0.004482,0.6062,ab42,TRUE,reported,0.00152,1.02e-13,educ,TRUE,reported,K5Q3Oh,2,TRUE,NA
rs76459454,G,A,G,A,0.02335,0.01341,0.97959,0.9771173,FALSE,FALSE,FALSE,7rgHSI,0.01312,0.3067,ab42,TRUE,reported,0.00431,5.93e-8,educ,TRUE,reported,K5Q3Oh,2,TRUE,NA
rs7648762,A,G,A,G,0.00939,0.002416,0.2007,0.218894,FALSE,FALSE,FALSE,7rgHSI,0.005036,0.6314,ab42,TRUE,reported,0.00173,6.12e-8,educ,TRUE,reported,K5Q3Oh,2,TRUE,NA
rs7650602,T,C,T,C,-0.00892,0.007708,0.5714,0.574484,FALSE,FALSE,FALSE,7rgHSI,0.004141,0.06281,ab42,TRUE,reported,0.00141,2.77e-10,educ,TRUE,reported,K5Q3Oh,2,TRUE,NA
rs76508452,G,A,G,A,-0.01499,-0.01608,0.94218,0.9433015,FALSE,FALSE,FALSE,7rgHSI,0.00948,0.09002,ab42,TRUE,reported,0.00285,1.41e-7,educ,TRUE,reported,K5Q3Oh,2,TRUE,NA
rs76552497,C,T,C,T,0.01202,0.00414,0.8418,0.847598,FALSE,FALSE,FALSE,7rgHSI,0.005532,0.4543,ab42,TRUE,reported,0.00187,1.17e-10,educ,TRUE,reported,K5Q3Oh,2,TRUE,NA
rs7655515,G,A,G,A,0.00709,5.973e-5,0.3759,0.369172,FALSE,FALSE,FALSE,7rgHSI,0.004131,0.9885,ab42,TRUE,reported,0.00143,7.18e-7,educ,TRUE,reported,K5Q3Oh,2,TRUE,NA
rs766847,C,T,C,T,0.00753,-0.001874,0.5629,0.61041,FALSE,FALSE,FALSE,7rgHSI,0.00419,0.6547,ab42,TRUE,reported,0.00145,1.86e-7,educ,TRUE,reported,K5Q3Oh,2,TRUE,NA
rs7672622,G,A,G,A,0.00881,-1.29e-4,0.2857,0.24595,FALSE,FALSE,FALSE,7rgHSI,0.004681,0.978,ab42,TRUE,reported,0.00161,4.72e-8,educ,TRUE,reported,K5Q3Oh,2,TRUE,NA
rs767943,C,A,C,A,0.01216,-0.004911,0.6888,0.706698,FALSE,FALSE,FALSE,7rgHSI,0.004603,0.2861,ab42,TRUE,reported,0.00158,1.54e-14,educ,TRUE,reported,K5Q3Oh,2,TRUE,NA
rs76815230,G,A,G,A,0.01496,0.003635,0.059520000000000003,0.0598245,FALSE,FALSE,FALSE,7rgHSI,0.009789,0.7104,ab42,TRUE,reported,0.00322,3.41e-6,educ,TRUE,reported,K5Q3Oh,2,TRUE,NA
rs7683416,T,C,T,C,0.01388,0.009926,0.4048,0.485417,FALSE,FALSE,FALSE,7rgHSI,0.004014,0.01346,ab42,TRUE,reported,0.00141,6.05e-23,educ,TRUE,reported,K5Q3Oh,2,TRUE,NA
rs76876592,A,G,A,G,0.01257,-5.669e-4,0.8656,0.857699,FALSE,FALSE,FALSE,7rgHSI,0.005778,0.9218,ab42,TRUE,reported,0.00203,5.82e-10,educ,TRUE,reported,K5Q3Oh,2,TRUE,NA
rs76878669,C,G,C,G,0.01412,0.00654,0.7466,0.7759320000000001,FALSE,TRUE,FALSE,7rgHSI,0.004925,0.1843,ab42,TRUE,reported,0.00167,3.1e-17,educ,TRUE,reported,K5Q3Oh,2,TRUE,NA
rs7692359,C,T,C,T,0.01091,-5.361e-4,0.2041,0.203018,FALSE,FALSE,FALSE,7rgHSI,0.004853,0.912,ab42,TRUE,reported,0.0017,1.4e-10,educ,TRUE,reported,K5Q3Oh,2,TRUE,NA
rs7693161,A,G,A,G,-0.00771,-0.003431,0.5663,0.586172,FALSE,FALSE,FALSE,7rgHSI,0.004015,0.3928,ab42,TRUE,reported,0.00143,6.88e-8,educ,TRUE,reported,K5Q3Oh,2,TRUE,NA
rs76945487,A,G,A,G,0.01075,-0.00321,0.8622,0.858808,FALSE,FALSE,FALSE,7rgHSI,0.005906,0.5868,ab42,TRUE,reported,0.00203,1.16e-7,educ,TRUE,reported,K5Q3Oh,2,TRUE,NA
rs769789,T,C,T,C,-0.00903,0.00128,0.7823,0.798491,FALSE,FALSE,FALSE,7rgHSI,0.004932,0.7953,ab42,TRUE,reported,0.00179,4.71e-7,educ,TRUE,reported,K5Q3Oh,2,TRUE,NA
rs76981775,C,T,C,T,0.01026,0.009442,0.8605,0.882476,FALSE,FALSE,FALSE,7rgHSI,0.006416,0.1413,ab42,TRUE,reported,0.00211,1.12e-6,educ,TRUE,reported,K5Q3Oh,2,TRUE,NA
rs77025239,A,G,A,G,-0.014,-0.001548,0.1088,0.155282,FALSE,FALSE,FALSE,7rgHSI,0.0055,0.7784,ab42,TRUE,reported,0.00194,4.65e-13,educ,TRUE,reported,K5Q3Oh,2,TRUE,NA
rs770381,G,A,G,A,-0.00698,0.001493,0.449,0.458685,FALSE,FALSE,FALSE,7rgHSI,0.004038,0.7117,ab42,TRUE,reported,0.00141,7.25e-7,educ,TRUE,reported,K5Q3Oh,2,TRUE,NA
rs77073818,A,G,A,G,0.00822,-0.001053,0.7874,0.788189,FALSE,FALSE,FALSE,7rgHSI,0.005123,0.8371,ab42,TRUE,reported,0.00172,1.79e-6,educ,TRUE,reported,K5Q3Oh,2,TRUE,NA
rs77106231,C,A,C,A,-0.02128,-0.01647,0.02211,0.0205882,FALSE,FALSE,FALSE,7rgHSI,0.01329,0.2153,ab42,TRUE,reported,0.00442,1.48e-6,educ,TRUE,reported,K5Q3Oh,2,TRUE,NA
rs7712091,T,C,T,C,-0.0083,0.006819,0.2755,0.257699,FALSE,FALSE,FALSE,7rgHSI,0.004643,0.1421,ab42,TRUE,reported,0.00162,2.84e-7,educ,TRUE,reported,K5Q3Oh,2,TRUE,NA
rs7714719,G,C,G,C,-0.01155,-0.008388,0.1327,0.139128,FALSE,TRUE,FALSE,7rgHSI,0.005826,0.15,ab42,TRUE,reported,0.00202,1.12e-8,educ,TRUE,reported,K5Q3Oh,2,TRUE,NA
rs7716161,G,C,G,C,-0.01053,0.003952,0.8299,0.838389,FALSE,TRUE,FALSE,7rgHSI,0.005483,0.4712,ab42,TRUE,reported,0.0019,3e-8,educ,TRUE,reported,K5Q3Oh,2,TRUE,NA
rs7716190,C,G,C,G,-0.00858,0.006104,0.7347,0.808069,FALSE,TRUE,FALSE,7rgHSI,0.005117,0.233,ab42,TRUE,reported,0.00166,2.5e-7,educ,TRUE,reported,K5Q3Oh,2,TRUE,NA
rs7721457,A,G,A,G,0.00738,3.396e-4,0.2551,0.266892,FALSE,FALSE,FALSE,7rgHSI,0.004629,0.9415,ab42,TRUE,reported,0.0016,4.19e-6,educ,TRUE,reported,K5Q3Oh,2,TRUE,NA
rs7725078,G,A,G,A,-0.00806,0.007668,0.7075,0.690037,FALSE,FALSE,FALSE,7rgHSI,0.004319,0.07596,ab42,TRUE,reported,0.0015,7.68e-8,educ,TRUE,reported,K5Q3Oh,2,TRUE,NA
rs7726501,C,G,C,G,-0.00913,-0.003971,0.8214,0.8237140000000001,FALSE,TRUE,FALSE,7rgHSI,0.005566,0.4757,ab42,TRUE,reported,0.00179,3.49e-7,educ,TRUE,reported,K5Q3Oh,2,TRUE,NA
rs77295380,A,G,A,G,-0.01737,-0.008084,0.03231,0.0419002,FALSE,FALSE,FALSE,7rgHSI,0.01008,0.4226,ab42,TRUE,reported,0.0035,6.91e-7,educ,TRUE,reported,K5Q3Oh,2,TRUE,NA
rs7729926,A,T,A,T,0.0072,-0.00131,0.6718,0.6470130000000001,FALSE,TRUE,FALSE,7rgHSI,0.004221,0.7564,ab42,TRUE,reported,0.00148,1.16e-6,educ,TRUE,reported,K5Q3Oh,2,TRUE,NA
rs7734919,T,C,T,C,0.00679,0.006082,0.3248,0.354081,FALSE,FALSE,FALSE,7rgHSI,0.004248,0.1523,ab42,TRUE,reported,0.00146,3.46e-6,educ,TRUE,reported,K5Q3Oh,2,TRUE,NA
rs77370942,G,A,G,A,0.01468,0.01138,0.92347,0.9355097,FALSE,FALSE,FALSE,7rgHSI,0.007928,0.1512,ab42,TRUE,reported,0.00267,3.65e-8,educ,TRUE,reported,K5Q3Oh,2,TRUE,NA
rs77516118,T,C,T,C,-0.00777,-8.667e-4,0.7432,0.272898,FALSE,FALSE,FALSE,7rgHSI,0.004502,0.8473,ab42,TRUE,reported,0.00163,1.94e-6,educ,TRUE,reported,K5Q3Oh,2,TRUE,NA
rs7752247,C,A,C,A,-0.00881,-0.003074,0.1718,0.186018,FALSE,FALSE,FALSE,7rgHSI,0.005356,0.5661,ab42,TRUE,reported,0.00188,2.71e-6,educ,TRUE,reported,K5Q3Oh,2,TRUE,NA
rs77550938,A,G,A,G,-0.00937,0.007898,0.1378,0.151879,FALSE,FALSE,FALSE,7rgHSI,0.00574,0.1689,ab42,TRUE,reported,0.00201,3.32e-6,educ,TRUE,reported,K5Q3Oh,2,TRUE,NA
rs77554090,T,C,T,C,-0.0186,0.003118,0.07313,0.074207,FALSE,FALSE,FALSE,7rgHSI,0.00811,0.7006,ab42,TRUE,reported,0.00271,6.63e-12,educ,TRUE,reported,K5Q3Oh,2,TRUE,NA
rs77581390,G,A,G,A,0.01472,0.003056,0.92177,0.9321836,FALSE,FALSE,FALSE,7rgHSI,0.008375,0.7152,ab42,TRUE,reported,0.00271,5.65e-8,educ,TRUE,reported,K5Q3Oh,2,TRUE,NA
rs7758747,G,A,G,A,0.00774,-0.001668,0.5765,0.592516,FALSE,FALSE,FALSE,7rgHSI,0.004187,0.6905,ab42,TRUE,reported,0.00143,5.87e-8,educ,TRUE,reported,K5Q3Oh,2,TRUE,NA
rs77609760,A,G,A,G,0.02364,-0.01129,0.91327,0.9402217,FALSE,FALSE,FALSE,7rgHSI,0.008358,0.1768,ab42,TRUE,reported,0.00284,7.71e-17,educ,TRUE,reported,K5Q3Oh,2,TRUE,NA
rs7766240,T,C,T,C,-0.01335,-0.003575,0.08503,0.0919464,FALSE,FALSE,FALSE,7rgHSI,0.007724,0.6435,ab42,TRUE,reported,0.00238,2e-8,educ,TRUE,reported,K5Q3Oh,2,TRUE,NA
rs77702622,A,G,A,G,-0.02132,-0.02088,0.07653,0.0548352,FALSE,FALSE,FALSE,7rgHSI,0.009108,0.02192,ab42,TRUE,reported,0.00293,3.62e-13,educ,TRUE,reported,K5Q3Oh,2,TRUE,NA
rs77702819,G,T,G,T,-0.01865,0.00903,0.91667,0.9173545,FALSE,FALSE,FALSE,7rgHSI,0.007782,0.246,ab42,TRUE,reported,0.00247,4.17e-14,educ,TRUE,reported,K5Q3Oh,2,TRUE,NA
rs7772172,G,A,G,A,-0.00913,0.006829,0.5935,0.594764,FALSE,FALSE,FALSE,7rgHSI,0.004162,0.1009,ab42,TRUE,reported,0.00143,1.74e-10,educ,TRUE,reported,K5Q3Oh,2,TRUE,NA
rs7774128,G,T,G,T,-0.00667,-0.005251,0.5391,0.575685,FALSE,FALSE,FALSE,7rgHSI,0.004234,0.215,ab42,TRUE,reported,0.00141,2.22e-6,educ,TRUE,reported,K5Q3Oh,2,TRUE,NA
rs7775100,T,C,T,C,-0.00874,0.004689,0.3963,0.39824499999999996,FALSE,FALSE,FALSE,7rgHSI,0.004159,0.2596,ab42,TRUE,reported,0.00144,1.2e-9,educ,TRUE,reported,K5Q3Oh,2,TRUE,NA
rs77760738,C,T,C,T,0.01561,0.00538,0.95238,0.9537881,FALSE,FALSE,FALSE,7rgHSI,0.009511,0.5716,ab42,TRUE,reported,0.00316,8.15e-7,educ,TRUE,reported,K5Q3Oh,2,TRUE,NA
rs77771752,C,T,C,T,0.01103,-0.003583,0.8503,0.891253,FALSE,FALSE,FALSE,7rgHSI,0.006895,0.6033,ab42,TRUE,reported,0.00219,4.8e-7,educ,TRUE,reported,K5Q3Oh,2,TRUE,NA
rs7778411,C,G,C,G,0.00784,-0.006617,0.3554,0.357545,FALSE,TRUE,FALSE,7rgHSI,0.004234,0.1182,ab42,TRUE,reported,0.00147,9.78e-8,educ,TRUE,reported,K5Q3Oh,2,TRUE,NA
rs77826402,C,T,C,T,-0.01512,-0.003363,0.92517,0.9250693,FALSE,FALSE,FALSE,7rgHSI,0.008067,0.6768,ab42,TRUE,reported,0.0027,2.05e-8,educ,TRUE,reported,K5Q3Oh,2,TRUE,NA
rs77901523,G,C,G,C,-0.0198,0.005236,0.97279,0.9682322,FALSE,TRUE,FALSE,7rgHSI,0.01204,0.6638,ab42,TRUE,reported,0.00384,2.48e-7,educ,TRUE,reported,K5Q3Oh,2,TRUE,NA
rs7791639,G,C,G,C,-0.01219,-0.01441,0.06803,0.07074199999999997,FALSE,TRUE,FALSE,7rgHSI,0.007658,0.06006,ab42,TRUE,reported,0.00266,4.75e-6,educ,TRUE,reported,K5Q3Oh,2,TRUE,NA
rs77927280,A,G,A,G,0.02106,0.004196,0.03912,0.0313366,FALSE,FALSE,FALSE,7rgHSI,0.01349,0.7558,ab42,TRUE,reported,0.00422,5.99e-7,educ,TRUE,reported,K5Q3Oh,2,TRUE,NA
rs7796103,G,C,G,C,0.00772,7.326e-4,0.4694,0.488051,FALSE,TRUE,TRUE,7rgHSI,0.003973,0.8537,ab42,TRUE,reported,0.0014,3.81e-8,educ,TRUE,reported,K5Q3Oh,2,FALSE,NA
rs779645,A,T,A,T,-0.00792,0.005842,0.6854,0.672559,FALSE,TRUE,FALSE,7rgHSI,0.00433,0.1773,ab42,TRUE,reported,0.00151,1.56e-7,educ,TRUE,reported,K5Q3Oh,2,TRUE,NA
rs7799141,G,A,G,A,-0.00995,0.00492,0.6803,0.706621,FALSE,FALSE,FALSE,7rgHSI,0.004409,0.2645,ab42,TRUE,reported,0.00152,5.31e-11,educ,TRUE,reported,K5Q3Oh,2,TRUE,NA
rs77999825,A,G,A,G,0.02939,0.01709,0.04082,0.0309516,FALSE,FALSE,FALSE,7rgHSI,0.0128,0.1822,ab42,TRUE,reported,0.0039,5.08e-14,educ,TRUE,reported,K5Q3Oh,2,TRUE,NA
rs7803932,A,G,A,G,0.01265,-0.003443,0.1565,0.157083,FALSE,FALSE,FALSE,7rgHSI,0.005807,0.5533,ab42,TRUE,reported,0.00188,1.74e-11,educ,TRUE,reported,K5Q3Oh,2,TRUE,NA
rs780569,A,T,A,T,-0.00852,9.326e-4,0.7194,0.726132,FALSE,TRUE,FALSE,7rgHSI,0.004557,0.8379,ab42,TRUE,reported,0.00156,4.98e-8,educ,TRUE,reported,K5Q3Oh,2,TRUE,NA
rs78079366,C,T,C,T,-0.00868,-0.008712,0.2024,0.192809,FALSE,FALSE,FALSE,7rgHSI,0.00502,0.08275,ab42,TRUE,reported,0.00175,6.87e-7,educ,TRUE,reported,K5Q3Oh,2,TRUE,NA
rs7810710,C,T,C,T,0.00762,-2.706e-5,0.7874,0.763012,FALSE,FALSE,FALSE,7rgHSI,0.004829,0.9955,ab42,TRUE,reported,0.00163,3.04e-6,educ,TRUE,reported,K5Q3Oh,2,TRUE,NA
rs78116078,C,G,C,G,0.00861,5.792e-4,0.7347,0.726332,FALSE,TRUE,FALSE,7rgHSI,0.004584,0.8995,ab42,TRUE,reported,0.00156,3.33e-8,educ,TRUE,reported,K5Q3Oh,2,TRUE,NA
rs7815299,G,C,G,C,-0.00758,-0.007002,0.3248,0.357376,FALSE,TRUE,FALSE,7rgHSI,0.004252,0.0997,ab42,TRUE,reported,0.0015,4.01e-7,educ,TRUE,reported,K5Q3Oh,2,TRUE,NA
rs78166579,C,T,C,T,0.02098,-0.01417,0.95578,0.9663998,FALSE,FALSE,FALSE,7rgHSI,0.01199,0.2374,ab42,TRUE,reported,0.00382,3.81e-8,educ,TRUE,reported,K5Q3Oh,2,TRUE,NA
rs7816777,C,T,C,T,0.00877,-1.445e-4,0.631,0.643517,FALSE,FALSE,FALSE,7rgHSI,0.004513,0.9744,ab42,TRUE,reported,0.00147,2.35e-9,educ,TRUE,reported,K5Q3Oh,2,TRUE,NA
rs7818521,T,C,T,C,0.00681,-0.005001,0.6276,0.616492,FALSE,FALSE,FALSE,7rgHSI,0.004089,0.2214,ab42,TRUE,reported,0.00143,1.79e-6,educ,TRUE,reported,K5Q3Oh,2,TRUE,NA
rs78193153,A,G,A,G,0.0191,-0.007177,0.04762,0.0827071,FALSE,FALSE,FALSE,7rgHSI,0.007993,0.3693,ab42,TRUE,reported,0.00287,2.76e-11,educ,TRUE,reported,K5Q3Oh,2,TRUE,NA
rs782231,T,A,T,A,-0.00787,3.489e-4,0.2653,0.23437,FALSE,TRUE,FALSE,7rgHSI,0.004721,0.9411,ab42,TRUE,reported,0.00161,1.04e-6,educ,TRUE,reported,K5Q3Oh,2,TRUE,NA
rs78246538,A,G,A,G,0.01153,0.006267,0.8793,0.865183,FALSE,FALSE,FALSE,7rgHSI,0.006642,0.3455,ab42,TRUE,reported,0.00213,5.81e-8,educ,TRUE,reported,K5Q3Oh,2,TRUE,NA
rs7831961,G,C,G,C,-0.00797,0.006784,0.7143,0.72393,FALSE,TRUE,FALSE,7rgHSI,0.004579,0.1386,ab42,TRUE,reported,0.00155,2.73e-7,educ,TRUE,reported,K5Q3Oh,2,TRUE,NA
rs78327335,C,G,C,G,-0.01093,-0.003611,0.1003,0.112858,FALSE,TRUE,FALSE,7rgHSI,0.006642,0.5867,ab42,TRUE,reported,0.00231,2.15e-6,educ,TRUE,reported,K5Q3Oh,2,TRUE,NA
rs78365243,C,T,C,T,-0.01806,-0.007026,0.04082,0.0393286,FALSE,FALSE,FALSE,7rgHSI,0.01021,0.4912,ab42,TRUE,reported,0.0033,4.38e-8,educ,TRUE,reported,K5Q3Oh,2,TRUE,NA
rs78377382,A,T,A,T,0.01639,0.009969,0.95748,0.9571297,FALSE,TRUE,FALSE,7rgHSI,0.009989,0.3184,ab42,TRUE,reported,0.00327,5.59e-7,educ,TRUE,reported,K5Q3Oh,2,TRUE,NA
rs78382133,G,A,G,A,0.01058,0.002247,0.8878,0.885833,FALSE,FALSE,FALSE,7rgHSI,0.006537,0.731,ab42,TRUE,reported,0.00224,2.43e-6,educ,TRUE,reported,K5Q3Oh,2,TRUE,NA
rs78405460,A,G,A,G,-0.01127,0.01436,0.8861,0.9010163,FALSE,FALSE,FALSE,7rgHSI,0.006684,0.03174,ab42,TRUE,reported,0.00237,2.08e-6,educ,TRUE,reported,K5Q3Oh,2,TRUE,NA
rs78440611,G,A,G,A,0.01466,0.008149,0.09014,0.100816,FALSE,FALSE,FALSE,7rgHSI,0.007191,0.2572,ab42,TRUE,reported,0.00236,5.71e-10,educ,TRUE,reported,K5Q3Oh,2,TRUE,NA
rs7849480,G,A,G,A,0.00836,-0.006582,0.551,0.558238,FALSE,FALSE,FALSE,7rgHSI,0.004136,0.1117,ab42,TRUE,reported,0.00142,3.54e-9,educ,TRUE,reported,K5Q3Oh,2,TRUE,NA
rs7849487,G,T,G,T,0.01672,-0.003443,0.3844,0.349707,FALSE,FALSE,FALSE,7rgHSI,0.004286,0.4218,ab42,TRUE,reported,0.00148,1.25e-29,educ,TRUE,reported,K5Q3Oh,2,TRUE,NA
rs7851936,G,C,G,C,-0.00923,1.936e-4,0.1871,0.19470299999999996,FALSE,TRUE,FALSE,7rgHSI,0.004999,0.9691,ab42,TRUE,reported,0.00172,8.01e-8,educ,TRUE,reported,K5Q3Oh,2,TRUE,NA
rs7855503,C,G,C,G,0.0088,-7.308e-4,0.335,0.345858,FALSE,TRUE,FALSE,7rgHSI,0.004288,0.8647,ab42,TRUE,reported,0.00147,2.39e-9,educ,TRUE,reported,K5Q3Oh,2,TRUE,NA
rs78631843,C,T,C,T,0.0273,-0.01838,0.98129,0.9787034,FALSE,FALSE,FALSE,7rgHSI,0.01352,0.174,ab42,TRUE,reported,0.00532,2.89e-7,educ,TRUE,reported,K5Q3Oh,2,TRUE,NA
rs7866848,G,A,G,A,0.00702,-0.001877,0.4099,0.416585,FALSE,FALSE,FALSE,7rgHSI,0.004069,0.6447,ab42,TRUE,reported,0.00142,7.7300000000000005e-07,educ,TRUE,reported,K5Q3Oh,2,TRUE,NA
rs7869075,G,A,G,A,-0.01264,0.002278,0.07313,0.0828919,FALSE,FALSE,FALSE,7rgHSI,0.007104,0.7485,ab42,TRUE,reported,0.0025,4.08e-7,educ,TRUE,reported,K5Q3Oh,2,TRUE,NA
rs78702390,C,G,C,G,0.01673,0.002432,0.04932,0.0534955,FALSE,TRUE,FALSE,7rgHSI,0.009776,0.8036,ab42,TRUE,reported,0.003,2.38e-8,educ,TRUE,reported,K5Q3Oh,2,TRUE,NA
rs78714229,T,C,T,C,0.01719,-0.007281,0.94218,0.9528796,FALSE,FALSE,FALSE,7rgHSI,0.009074,0.4224,ab42,TRUE,reported,0.00304,1.55e-8,educ,TRUE,reported,K5Q3Oh,2,TRUE,NA
rs78857663,G,A,G,A,0.01627,-0.01645,0.94898,0.9526948,FALSE,FALSE,FALSE,7rgHSI,0.009955,0.09861,ab42,TRUE,reported,0.00327,6.71e-7,educ,TRUE,reported,K5Q3Oh,2,TRUE,NA
rs78907351,A,C,A,C,-0.01363,-0.006501,0.07313,0.068802,FALSE,FALSE,FALSE,7rgHSI,0.007919,0.4117,ab42,TRUE,reported,0.00274,6.81e-7,educ,TRUE,reported,K5Q3Oh,2,TRUE,NA
rs78918150,C,T,C,T,0.00798,0.003933,0.432,0.400231,FALSE,FALSE,FALSE,7rgHSI,0.004115,0.3393,ab42,TRUE,reported,0.00146,4.26e-8,educ,TRUE,reported,K5Q3Oh,2,TRUE,NA
rs7894722,C,T,C,T,-0.00846,0.004311,0.602,0.6375120000000001,FALSE,FALSE,FALSE,7rgHSI,0.004206,0.3054,ab42,TRUE,reported,0.00145,5.41e-9,educ,TRUE,reported,K5Q3Oh,2,TRUE,NA
rs7898790,T,A,T,A,-0.01216,-0.001932,0.06122,0.0699569,FALSE,TRUE,FALSE,7rgHSI,0.007291,0.791,ab42,TRUE,reported,0.00262,3.33e-6,educ,TRUE,reported,K5Q3Oh,2,TRUE,NA
rs7905192,C,T,C,T,-0.0084,-0.001087,0.415,0.429227,FALSE,FALSE,FALSE,7rgHSI,0.004049,0.7883,ab42,TRUE,reported,0.00142,3.14e-9,educ,TRUE,reported,K5Q3Oh,2,TRUE,NA
rs790647,C,A,C,A,0.01452,8.831e-4,0.7653,0.767755,FALSE,FALSE,FALSE,7rgHSI,0.004789,0.8537,ab42,TRUE,reported,0.00167,3.81e-18,educ,TRUE,reported,K5Q3Oh,2,TRUE,NA
rs79099042,G,C,G,C,-0.01227,-0.00565,0.8878,0.896073,FALSE,TRUE,FALSE,7rgHSI,0.006995,0.4193,ab42,TRUE,reported,0.00232,1.2e-7,educ,TRUE,reported,K5Q3Oh,2,TRUE,NA
rs7910403,T,G,T,G,0.01222,-0.003164,0.1973,0.191038,FALSE,FALSE,FALSE,7rgHSI,0.005127,0.5372,ab42,TRUE,reported,0.00177,5.08e-12,educ,TRUE,reported,K5Q3Oh,2,TRUE,NA
rs7914674,T,C,T,C,-0.01389,-0.008691,0.7755,0.755482,FALSE,FALSE,FALSE,7rgHSI,0.004916,0.07717,ab42,TRUE,reported,0.00218,1.94e-10,educ,TRUE,reported,K5Q3Oh,2,TRUE,NA
rs7916410,C,T,C,T,0.00752,0.00332,0.7721,0.738097,FALSE,FALSE,FALSE,7rgHSI,0.004697,0.4798,ab42,TRUE,reported,0.00164,4.4e-6,educ,TRUE,reported,K5Q3Oh,2,TRUE,NA
rs7920624,T,A,T,A,-0.01203,0.001097,0.4932,0.49832199999999993,FALSE,TRUE,TRUE,7rgHSI,0.004069,0.7876,ab42,TRUE,reported,0.0014,1.06e-17,educ,TRUE,reported,K5Q3Oh,2,FALSE,NA
rs7924036,T,G,T,G,0.0133,-5.941e-4,0.5391,0.504835,FALSE,FALSE,FALSE,7rgHSI,0.004011,0.8823,ab42,TRUE,reported,0.0014,2.55e-21,educ,TRUE,reported,K5Q3Oh,2,TRUE,NA
rs79260114,A,G,A,G,-0.01524,0.005461,0.93878,0.9533107,FALSE,FALSE,FALSE,7rgHSI,0.009602,0.5696,ab42,TRUE,reported,0.00315,1.32e-6,educ,TRUE,reported,K5Q3Oh,2,TRUE,NA
rs79265325,A,G,A,G,-0.01694,-0.008717,0.05272,0.0418694,FALSE,FALSE,FALSE,7rgHSI,0.01009,0.3876,ab42,TRUE,reported,0.0034,6.36e-7,educ,TRUE,reported,K5Q3Oh,2,TRUE,NA
rs79265434,A,G,A,G,-0.01969,-0.007965,0.8827,0.898522,FALSE,FALSE,FALSE,7rgHSI,0.006485,0.2194,ab42,TRUE,reported,0.00218,1.98e-19,educ,TRUE,reported,K5Q3Oh,2,TRUE,NA
rs7928017,C,A,C,A,-0.00957,-0.001476,0.5544,0.586896,FALSE,FALSE,FALSE,7rgHSI,0.004091,0.7183,ab42,TRUE,reported,0.00142,1.43e-11,educ,TRUE,reported,K5Q3Oh,2,TRUE,NA
rs7931563,G,T,G,T,0.0109,-0.00422,0.3912,0.380166,FALSE,FALSE,FALSE,7rgHSI,0.0041660000000000004,0.3112,ab42,TRUE,reported,0.00145,5.15e-14,educ,TRUE,reported,K5Q3Oh,2,TRUE,NA
rs793191,A,G,A,G,-0.00832,-0.001528,0.7636,0.767324,FALSE,FALSE,FALSE,7rgHSI,0.004867,0.7535,ab42,TRUE,reported,0.0016,1.93e-7,educ,TRUE,reported,K5Q3Oh,2,TRUE,NA
rs79347652,C,A,C,A,-0.01221,-0.01046,0.08673,0.0787188,FALSE,FALSE,FALSE,7rgHSI,0.007931,0.1873,ab42,TRUE,reported,0.00267,4.75e-6,educ,TRUE,reported,K5Q3Oh,2,TRUE,NA
rs79359351,G,A,G,A,0.01189,-0.003781,0.8997,0.9100554,FALSE,FALSE,FALSE,7rgHSI,0.007118,0.5953,ab42,TRUE,reported,0.00239,6.58e-7,educ,TRUE,reported,K5Q3Oh,2,TRUE,NA
rs7938634,A,G,A,G,0.00759,0.008767,0.3912,0.376702,FALSE,FALSE,FALSE,7rgHSI,0.004218,0.03777,ab42,TRUE,reported,0.00145,1.56e-7,educ,TRUE,reported,K5Q3Oh,2,TRUE,NA
rs79480934,T,C,T,C,-0.0108,-0.003689,0.1139,0.122067,FALSE,FALSE,FALSE,7rgHSI,0.006354,0.5616,ab42,TRUE,reported,0.00225,1.61e-6,educ,TRUE,reported,K5Q3Oh,2,TRUE,NA
rs795230,T,C,T,C,0.00814,-0.003398,0.4184,0.409332,FALSE,FALSE,FALSE,7rgHSI,0.004064,0.4032,ab42,TRUE,reported,0.00142,9.56e-9,educ,TRUE,reported,K5Q3Oh,2,TRUE,NA
rs7958371,T,A,T,A,0.00852,-0.007689,0.6463,0.6359870000000001,FALSE,TRUE,FALSE,7rgHSI,0.004251,0.07063,ab42,TRUE,reported,0.00147,5.99e-9,educ,TRUE,reported,K5Q3Oh,2,TRUE,NA
rs79585412,C,T,C,T,0.01779,-3.409e-4,0.03741,0.0542963,FALSE,FALSE,FALSE,7rgHSI,0.01005,0.973,ab42,TRUE,reported,0.00306,5.92e-9,educ,TRUE,reported,K5Q3Oh,2,TRUE,NA
rs79607119,A,G,A,G,0.01005,-0.002142,0.1327,0.126347,FALSE,FALSE,FALSE,7rgHSI,0.005903,0.7167,ab42,TRUE,reported,0.00206,1.03e-6,educ,TRUE,reported,K5Q3Oh,2,TRUE,NA
rs7962636,C,T,C,T,0.00761,-0.003323,0.6378,0.643579,FALSE,FALSE,FALSE,7rgHSI,0.004345,0.4445,ab42,TRUE,reported,0.00148,2.77e-7,educ,TRUE,reported,K5Q3Oh,2,TRUE,NA
rs7965154,A,C,A,C,-0.0085,0.006669,0.2993,0.308854,FALSE,FALSE,FALSE,7rgHSI,0.004475,0.1363,ab42,TRUE,reported,0.00152,2.33e-8,educ,TRUE,reported,K5Q3Oh,2,TRUE,NA
rs7966642,A,G,A,G,0.00801,-0.004613,0.6531,0.625331,FALSE,FALSE,FALSE,7rgHSI,0.004409,0.2956,ab42,TRUE,reported,0.00148,6.03e-8,educ,TRUE,reported,K5Q3Oh,2,TRUE,NA
rs7967550,G,A,G,A,0.00861,-0.003486,0.6531,0.599723,FALSE,FALSE,FALSE,7rgHSI,0.004139,0.3998,ab42,TRUE,reported,0.00143,1.79e-9,educ,TRUE,reported,K5Q3Oh,2,TRUE,NA
rs7972246,C,T,C,T,-0.01097,0.007323,0.6684,0.623699,FALSE,FALSE,FALSE,7rgHSI,0.004241,0.08434,ab42,TRUE,reported,0.00147,1.01e-13,educ,TRUE,reported,K5Q3Oh,2,TRUE,NA
rs79728014,A,G,A,G,-0.01336,-0.001796,0.8724,0.871589,FALSE,FALSE,FALSE,7rgHSI,0.005955,0.763,ab42,TRUE,reported,0.00199,2.06e-11,educ,TRUE,reported,K5Q3Oh,2,TRUE,NA
rs7974852,C,A,C,A,-0.0117,-0.005753,0.4626,0.479489,FALSE,FALSE,FALSE,7rgHSI,0.004034,0.1539,ab42,TRUE,reported,0.00141,1.14e-16,educ,TRUE,reported,K5Q3Oh,2,TRUE,NA
rs79772024,T,A,T,A,0.02257,-0.009195,0.97619,0.9785494,FALSE,TRUE,FALSE,7rgHSI,0.01311,0.483,ab42,TRUE,reported,0.00463,1.07e-6,educ,TRUE,reported,K5Q3Oh,2,TRUE,NA
rs7977614,G,A,G,A,0.01341,0.004421,0.3078,0.274915,FALSE,FALSE,FALSE,7rgHSI,0.004604,0.337,ab42,TRUE,reported,0.00161,6.84e-17,educ,TRUE,reported,K5Q3Oh,2,TRUE,NA
rs79798166,A,G,A,G,0.0172,0.007633,0.09864,0.0801663,FALSE,FALSE,FALSE,7rgHSI,0.007398,0.3023,ab42,TRUE,reported,0.00247,3.63e-12,educ,TRUE,reported,K5Q3Oh,2,TRUE,NA
rs7983579,T,G,T,G,-0.00698,-0.001694,0.5816,0.563566,FALSE,FALSE,FALSE,7rgHSI,0.004212,0.6876,ab42,TRUE,reported,0.00142,8.23e-7,educ,TRUE,reported,K5Q3Oh,2,TRUE,NA
rs79855925,C,T,C,T,0.01944,-0.01131,0.93367,0.9568063,FALSE,FALSE,FALSE,7rgHSI,0.01013,0.2643,ab42,TRUE,reported,0.00328,3.1e-9,educ,TRUE,reported,K5Q3Oh,2,TRUE,NA
rs79886465,C,G,C,G,0.01072,-0.01139,0.1003,0.119911,FALSE,TRUE,FALSE,7rgHSI,0.006582,0.08353,ab42,TRUE,reported,0.00218,8.94e-7,educ,TRUE,reported,K5Q3Oh,2,TRUE,NA
rs79934567,G,A,G,A,0.01033,-0.005029,0.8895,0.884678,FALSE,FALSE,FALSE,7rgHSI,0.006004,0.4023,ab42,TRUE,reported,0.00211,9.79e-7,educ,TRUE,reported,K5Q3Oh,2,TRUE,NA
rs7995591,A,G,A,G,-0.00911,0.008055,0.1871,0.219233,FALSE,FALSE,FALSE,7rgHSI,0.00477,0.09138,ab42,TRUE,reported,0.00167,5.14e-8,educ,TRUE,reported,K5Q3Oh,2,TRUE,NA
rs7997797,T,C,T,C,0.01089,-0.002323,0.2194,0.245519,FALSE,FALSE,FALSE,7rgHSI,0.004681,0.6198,ab42,TRUE,reported,0.00162,2.05e-11,educ,TRUE,reported,K5Q3Oh,2,TRUE,NA
rs799810,G,C,G,C,0.00807,-0.007226,0.2772,0.271281,FALSE,TRUE,FALSE,7rgHSI,0.004618,0.1177,ab42,TRUE,reported,0.00154,1.51e-7,educ,TRUE,reported,K5Q3Oh,2,TRUE,NA
rs79981277,A,G,A,G,0.01095,-0.006677,0.1599,0.140191,FALSE,FALSE,FALSE,7rgHSI,0.00619,0.2809,ab42,TRUE,reported,0.00204,7.6e-8,educ,TRUE,reported,K5Q3Oh,2,TRUE,NA
rs79994730,C,T,C,T,-0.02401,0.02082,0.95408,0.963012,FALSE,FALSE,FALSE,7rgHSI,0.0108,0.05394,ab42,TRUE,reported,0.00349,5.88e-12,educ,TRUE,reported,K5Q3Oh,2,TRUE,NA
rs80037907,C,T,C,T,0.01074,0.007859,0.8486,0.851047,FALSE,FALSE,FALSE,7rgHSI,0.005646,0.164,ab42,TRUE,reported,0.00192,2.16e-8,educ,TRUE,reported,K5Q3Oh,2,TRUE,NA
rs80077995,A,T,A,T,-0.01552,0.01052,0.94898,0.939036,FALSE,TRUE,FALSE,7rgHSI,0.008875,0.236,ab42,TRUE,reported,0.00292,1.11e-7,educ,TRUE,reported,K5Q3Oh,2,TRUE,NA
rs8008076,G,A,G,A,-0.00776,-0.004148,0.2857,0.308408,FALSE,FALSE,FALSE,7rgHSI,0.004369,0.3424,ab42,TRUE,reported,0.0015,2.13e-7,educ,TRUE,reported,K5Q3Oh,2,TRUE,NA
rs8008382,T,C,T,C,-0.0106,-0.00517,0.3129,0.307299,FALSE,FALSE,FALSE,7rgHSI,0.004419,0.2422,ab42,TRUE,reported,0.00153,4.07e-12,educ,TRUE,reported,K5Q3Oh,2,TRUE,NA
rs8009933,A,G,A,G,0.00879,-0.004516,0.6718,0.65445,FALSE,FALSE,FALSE,7rgHSI,0.004249,0.2879,ab42,TRUE,reported,0.0015,4.72e-9,educ,TRUE,reported,K5Q3Oh,2,TRUE,NA
rs80121219,C,T,C,T,-0.00904,-0.004914,0.1446,0.14478,FALSE,FALSE,FALSE,7rgHSI,0.005954,0.4093,ab42,TRUE,reported,0.00191,2.14e-6,educ,TRUE,reported,K5Q3Oh,2,TRUE,NA
rs80134320,T,G,T,G,0.01768,0.006819,0.02891,0.0397136,FALSE,FALSE,FALSE,7rgHSI,0.0108,0.5277,ab42,TRUE,reported,0.00324,4.98e-8,educ,TRUE,reported,K5Q3Oh,2,TRUE,NA
rs8013718,T,C,T,C,-0.00733,-0.005883,0.3027,0.28052,FALSE,FALSE,FALSE,7rgHSI,0.004498,0.1911,ab42,TRUE,reported,0.00156,2.48e-6,educ,TRUE,reported,K5Q3Oh,2,TRUE,NA
rs801545,G,T,G,T,0.00887,-0.01422,0.767,0.780059,FALSE,FALSE,FALSE,7rgHSI,0.004911,0.003809,ab42,TRUE,reported,0.00173,3.21e-7,educ,TRUE,reported,K5Q3Oh,2,TRUE,NA
rs8016504,A,C,A,C,-0.00871,-0.003259,0.5323,0.484047,FALSE,FALSE,FALSE,7rgHSI,0.004062,0.4224,ab42,TRUE,reported,0.00141,6.84e-10,educ,TRUE,reported,K5Q3Oh,2,TRUE,NA
rs8019235,G,A,G,A,-0.00694,5.53e-4,0.4949,0.446273,FALSE,FALSE,FALSE,7rgHSI,0.00416,0.8943,ab42,TRUE,reported,0.00141,7.99e-7,educ,TRUE,reported,K5Q3Oh,2,TRUE,NA
rs8019453,T,C,T,C,-0.0091,-0.002391,0.148,0.174222,FALSE,FALSE,FALSE,7rgHSI,0.005634,0.6713,ab42,TRUE,reported,0.00197,3.77e-6,educ,TRUE,reported,K5Q3Oh,2,TRUE,NA
rs8024,A,C,A,C,-0.01152,-0.008392,0.3112,0.299245,FALSE,FALSE,FALSE,7rgHSI,0.004323,0.0523,ab42,TRUE,reported,0.00149,1.13e-14,educ,TRUE,reported,K5Q3Oh,2,TRUE,NA
rs80257979,T,G,T,G,-0.02517,0.01232,0.95918,0.9701571,FALSE,FALSE,FALSE,7rgHSI,0.01187,0.2992,ab42,TRUE,reported,0.00401,3.31e-10,educ,TRUE,reported,K5Q3Oh,2,TRUE,NA
rs8026397,G,C,G,C,-0.00704,-2.726e-6,0.5714,0.99856791,FALSE,TRUE,TRUE,7rgHSI,0.004209,0.9995,ab42,TRUE,reported,0.00142,7.08e-7,educ,TRUE,reported,K5Q3Oh,2,FALSE,NA
rs8030487,G,A,G,A,-0.00847,0.004355,0.3061,0.302756,FALSE,FALSE,FALSE,7rgHSI,0.00446,0.3289,ab42,TRUE,reported,0.00152,2.52e-8,educ,TRUE,reported,K5Q3Oh,2,TRUE,NA
rs8042593,A,G,A,G,0.0073,0.007973,0.631,0.625547,FALSE,FALSE,FALSE,7rgHSI,0.004186,0.0569,ab42,TRUE,reported,0.00146,5.82e-7,educ,TRUE,reported,K5Q3Oh,2,TRUE,NA
rs8044562,A,G,A,G,-0.00754,0.003293,0.2789,0.276794,FALSE,FALSE,FALSE,7rgHSI,0.004573,0.4715,ab42,TRUE,reported,0.00155,1.13e-6,educ,TRUE,reported,K5Q3Oh,2,TRUE,NA
rs8046072,A,G,A,G,0.01012,-0.004716,0.7976,0.808454,FALSE,FALSE,FALSE,7rgHSI,0.005153,0.3601,ab42,TRUE,reported,0.00176,9.04e-9,educ,TRUE,reported,K5Q3Oh,2,TRUE,NA
rs8052523,C,T,C,T,0.00843,-1.986e-4,0.4031,0.414013,FALSE,FALSE,FALSE,7rgHSI,0.004112,0.9615,ab42,TRUE,reported,0.00142,2.73e-9,educ,TRUE,reported,K5Q3Oh,2,TRUE,NA
rs8053048,T,C,T,C,0.00641,0.002563,0.5527,0.558854,FALSE,FALSE,FALSE,7rgHSI,0.004173,0.5391,ab42,TRUE,reported,0.0014,4.95e-6,educ,TRUE,reported,K5Q3Oh,2,TRUE,NA
rs8061964,G,A,G,A,0.00771,-0.004578,0.4184,0.440838,FALSE,FALSE,FALSE,7rgHSI,0.004035,0.2566,ab42,TRUE,reported,0.00143,6.77e-8,educ,TRUE,reported,K5Q3Oh,2,TRUE,NA
rs8063936,A,G,A,G,0.0074400000000000004,0.004114,0.551,0.5190790000000001,FALSE,FALSE,FALSE,7rgHSI,0.004085,0.314,ab42,TRUE,reported,0.00141,1.24e-7,educ,TRUE,reported,K5Q3Oh,2,TRUE,NA
rs8066044,G,A,G,A,-0.00902,0.005513,0.7245,0.734801,FALSE,FALSE,FALSE,7rgHSI,0.004597,0.2305,ab42,TRUE,reported,0.00158,1.17e-8,educ,TRUE,reported,K5Q3Oh,2,TRUE,NA
rs806816,T,A,T,A,-0.01008,0.004143,0.2398,0.241792,FALSE,TRUE,FALSE,7rgHSI,0.004807,0.3889,ab42,TRUE,reported,0.00162,4.8e-10,educ,TRUE,reported,K5Q3Oh,2,TRUE,NA
rs8076034,C,T,C,T,0.00868,-0.01074,0.8316,0.786757,FALSE,FALSE,FALSE,7rgHSI,0.005095,0.03516,ab42,TRUE,reported,0.00188,4.04e-6,educ,TRUE,reported,K5Q3Oh,2,TRUE,NA
rs8077038,T,G,T,G,0.00673,-0.001125,0.4524,0.516338,FALSE,FALSE,FALSE,7rgHSI,0.004052,0.7813,ab42,TRUE,reported,0.00141,1.7e-6,educ,TRUE,reported,K5Q3Oh,2,TRUE,NA
rs8078137,T,A,T,A,0.00659,-0.006517,0.5799,0.535433,FALSE,TRUE,TRUE,7rgHSI,0.004081,0.1103,ab42,TRUE,reported,0.00143,4.44e-6,educ,TRUE,reported,K5Q3Oh,2,FALSE,NA
rs8085561,A,G,A,G,0.00896,0.007395,0.7908,0.808177,FALSE,FALSE,FALSE,7rgHSI,0.005247,0.1588,ab42,TRUE,reported,0.0018,6.58e-7,educ,TRUE,reported,K5Q3Oh,2,TRUE,NA
rs8097125,C,T,C,T,-0.00864,-0.001529,0.6071,0.638974,FALSE,FALSE,FALSE,7rgHSI,0.004217,0.717,ab42,TRUE,reported,0.00145,2.31e-9,educ,TRUE,reported,K5Q3Oh,2,TRUE,NA
rs8103741,A,G,A,G,-0.01085,0.003718,0.8282,0.822944,FALSE,FALSE,FALSE,7rgHSI,0.005296,0.4826,ab42,TRUE,reported,0.0018600000000000001,5.17e-9,educ,TRUE,reported,K5Q3Oh,2,TRUE,NA
rs8122234,A,C,A,C,-0.00735,0.007855,0.4966,0.51352,FALSE,FALSE,FALSE,7rgHSI,0.004095,0.05518,ab42,TRUE,reported,0.0014,1.59e-7,educ,TRUE,reported,K5Q3Oh,2,TRUE,NA
rs818380,G,A,G,A,0.00854,0.004389,0.7704,0.771759,FALSE,FALSE,FALSE,7rgHSI,0.004993,0.3794,ab42,TRUE,reported,0.00168,3.67e-7,educ,TRUE,reported,K5Q3Oh,2,TRUE,NA
rs818415,T,G,T,G,-0.01096,-0.001042,0.818,0.792301,FALSE,FALSE,FALSE,7rgHSI,0.004844,0.8297,ab42,TRUE,reported,0.00179,8.19e-10,educ,TRUE,reported,K5Q3Oh,2,TRUE,NA
rs827951,A,G,A,G,-0.00764,-0.00584,0.784,0.72048,FALSE,FALSE,FALSE,7rgHSI,0.004514,0.1959,ab42,TRUE,reported,0.00158,1.31e-6,educ,TRUE,reported,K5Q3Oh,2,TRUE,NA
rs828867,A,G,A,G,-0.00749,0.001238,0.5,0.543609,FALSE,FALSE,FALSE,7rgHSI,0.004273,0.7721,ab42,TRUE,reported,0.00142,1.39e-7,educ,TRUE,reported,K5Q3Oh,2,TRUE,NA
rs836313,T,G,T,G,0.00662,0.004382,0.4796,0.469433,FALSE,FALSE,FALSE,7rgHSI,0.004056,0.2801,ab42,TRUE,reported,0.00141,2.45e-6,educ,TRUE,reported,K5Q3Oh,2,TRUE,NA
rs846194,T,C,T,C,-0.00718,-0.01442,0.2772,0.27345200000000003,FALSE,FALSE,FALSE,7rgHSI,0.004604,0.001752,ab42,TRUE,reported,0.00155,3.79e-6,educ,TRUE,reported,K5Q3Oh,2,TRUE,NA
rs852000,C,T,C,T,-0.00715,0.008974,0.5306,0.513135,FALSE,FALSE,FALSE,7rgHSI,0.0041,0.02869,ab42,TRUE,reported,0.00141,3.73e-7,educ,TRUE,reported,K5Q3Oh,2,TRUE,NA
rs852771,T,C,T,C,0.00917,-0.00346,0.7432,0.705605,FALSE,FALSE,FALSE,7rgHSI,0.004554,0.4474,ab42,TRUE,reported,0.00152,1.84e-9,educ,TRUE,reported,K5Q3Oh,2,TRUE,NA
rs853199,T,C,T,C,0.00697,0.007245,0.3503,0.332476,FALSE,FALSE,FALSE,7rgHSI,0.004249,0.08832,ab42,TRUE,reported,0.00146,1.76e-6,educ,TRUE,reported,K5Q3Oh,2,TRUE,NA
rs853286,T,G,T,G,0.0124,0.007474,0.90476,0.8744069999999999,FALSE,FALSE,FALSE,7rgHSI,0.006349,0.2392,ab42,TRUE,reported,0.00226,4.13e-8,educ,TRUE,reported,K5Q3Oh,2,TRUE,NA
rs853353,C,G,C,G,-0.0083,0.003579,0.7296,0.750108,FALSE,TRUE,FALSE,7rgHSI,0.004699,0.4463,ab42,TRUE,reported,0.00164,4.41e-7,educ,TRUE,reported,K5Q3Oh,2,TRUE,NA
rs854796,A,G,A,G,0.00895,0.003738,0.7075,0.693071,FALSE,FALSE,FALSE,7rgHSI,0.004456,0.4016,ab42,TRUE,reported,0.00153,4.66e-9,educ,TRUE,reported,K5Q3Oh,2,TRUE,NA
rs857169,T,G,T,G,0.00977,0.009694,0.1599,0.13232200000000005,FALSE,FALSE,FALSE,7rgHSI,0.005877,0.09916,ab42,TRUE,reported,0.00209,2.95e-6,educ,TRUE,reported,K5Q3Oh,2,TRUE,NA
rs864899,G,A,G,A,-0.00767,-0.001824,0.5697,0.374392,FALSE,FALSE,FALSE,7rgHSI,0.004238,0.667,ab42,TRUE,reported,0.00144,9.83e-8,educ,TRUE,reported,K5Q3Oh,2,TRUE,NA
rs868456,G,A,G,A,-0.00885,0.001114,0.2636,0.281983,FALSE,FALSE,FALSE,7rgHSI,0.004404,0.8003,ab42,TRUE,reported,0.00155,1.07e-8,educ,TRUE,reported,K5Q3Oh,2,TRUE,NA
rs869432,C,A,C,A,-0.00713,0.001367,0.3895,0.398814,FALSE,FALSE,FALSE,7rgHSI,0.004223,0.7462,ab42,TRUE,reported,0.00142,5.32e-7,educ,TRUE,reported,K5Q3Oh,2,TRUE,NA
rs869730,A,G,A,G,-0.00692,-0.002137,0.3946,0.377533,FALSE,FALSE,FALSE,7rgHSI,0.004221,0.6127,ab42,TRUE,reported,0.00144,1.49e-6,educ,TRUE,reported,K5Q3Oh,2,TRUE,NA
rs870589,A,T,A,T,-0.0079,0.001219,0.4507,0.480628,FALSE,TRUE,TRUE,7rgHSI,0.004027,0.7621,ab42,TRUE,reported,0.00141,2.24e-8,educ,TRUE,reported,K5Q3Oh,2,FALSE,NA
rs870681,C,A,C,A,0.00821,0.007796,0.2449,0.26546,FALSE,FALSE,FALSE,7rgHSI,0.004745,0.1005,ab42,TRUE,reported,0.00161,3.13e-7,educ,TRUE,reported,K5Q3Oh,2,TRUE,NA
rs872676,C,T,C,T,-0.00986,0.001948,0.3418,0.322005,FALSE,FALSE,FALSE,7rgHSI,0.004283,0.6493,ab42,TRUE,reported,0.0015,4.25e-11,educ,TRUE,reported,K5Q3Oh,2,TRUE,NA
rs876183,C,A,C,A,-0.00682,0.008455,0.4898,0.53129,FALSE,FALSE,FALSE,7rgHSI,0.004068,0.03778,ab42,TRUE,reported,0.0014,1.2e-6,educ,TRUE,reported,K5Q3Oh,2,TRUE,NA
rs883625,C,T,C,T,0.00883,-0.005611,0.8078,0.791053,FALSE,FALSE,FALSE,7rgHSI,0.005069,0.2684,ab42,TRUE,reported,0.00176,5.54e-7,educ,TRUE,reported,K5Q3Oh,2,TRUE,NA
rs884108,A,G,A,G,-0.00942,0.004535,0.2483,0.22651699999999997,FALSE,FALSE,FALSE,7rgHSI,0.005032,0.3675,ab42,TRUE,reported,0.00169,2.39e-8,educ,TRUE,reported,K5Q3Oh,2,TRUE,NA
rs884534,A,G,A,G,0.0082,0.005509,0.2636,0.24106899999999998,FALSE,FALSE,FALSE,7rgHSI,0.004804,0.2516,ab42,TRUE,reported,0.0016,3.16e-7,educ,TRUE,reported,K5Q3Oh,2,TRUE,NA
rs890235,G,A,G,A,0.00764,0.004059,0.4422,0.449553,FALSE,FALSE,FALSE,7rgHSI,0.004085,0.3205,ab42,TRUE,reported,0.00141,6.29e-8,educ,TRUE,reported,K5Q3Oh,2,TRUE,NA
rs891793,C,G,C,G,-0.00992,-0.002765,0.5629,0.541007,FALSE,TRUE,TRUE,7rgHSI,0.004079,0.4979,ab42,TRUE,reported,0.00141,1.87e-12,educ,TRUE,reported,K5Q3Oh,2,FALSE,NA
rs893522,A,C,A,C,0.01493,-0.003087,0.91667,0.9022635999999999,FALSE,FALSE,FALSE,7rgHSI,0.00708,0.6629,ab42,TRUE,reported,0.00247,1.39e-9,educ,TRUE,reported,K5Q3Oh,2,TRUE,NA
rs902820,A,T,A,T,-0.00963,-0.006462,0.4116,0.413782,FALSE,TRUE,FALSE,7rgHSI,0.004174,0.1217,ab42,TRUE,reported,0.00142,1.28e-11,educ,TRUE,reported,K5Q3Oh,2,TRUE,NA
rs911149,C,T,C,T,-0.00908,3.294e-4,0.7823,0.768648,FALSE,FALSE,FALSE,7rgHSI,0.004728,0.9444,ab42,TRUE,reported,0.00165,3.93e-8,educ,TRUE,reported,K5Q3Oh,2,TRUE,NA
rs912883,C,T,C,T,-0.00873,-8.04e-4,0.3214,0.341207,FALSE,FALSE,FALSE,7rgHSI,0.004318,0.8523,ab42,TRUE,reported,0.0015,6.2e-9,educ,TRUE,reported,K5Q3Oh,2,TRUE,NA
rs913402,A,G,A,G,0.01583,0.005551,0.04592,0.042484999999999995,FALSE,FALSE,FALSE,7rgHSI,0.009609,0.5635,ab42,TRUE,reported,0.00341,3.36e-6,educ,TRUE,reported,K5Q3Oh,2,TRUE,NA
rs913509,A,G,A,G,0.00962,-3.219e-4,0.6412,0.650801,FALSE,FALSE,FALSE,7rgHSI,0.004274,0.94,ab42,TRUE,reported,0.00148,7.42e-11,educ,TRUE,reported,K5Q3Oh,2,TRUE,NA
rs917451,C,T,C,T,-0.00996,-9.737e-4,0.1361,0.137589,FALSE,FALSE,FALSE,7rgHSI,0.005818,0.8671,ab42,TRUE,reported,0.00197,4.26e-7,educ,TRUE,reported,K5Q3Oh,2,TRUE,NA
rs917726,A,T,A,T,-0.00794,-0.006135,0.7432,0.7373270000000001,FALSE,TRUE,FALSE,7rgHSI,0.00449,0.1719,ab42,TRUE,reported,0.0016,6.71e-7,educ,TRUE,reported,K5Q3Oh,2,TRUE,NA
rs918083,C,T,C,T,-0.00667,-0.005835,0.3912,0.376024,FALSE,FALSE,FALSE,7rgHSI,0.004242,0.169,ab42,TRUE,reported,0.00146,4.56e-6,educ,TRUE,reported,K5Q3Oh,2,TRUE,NA
rs918427,G,A,G,A,-0.00943,-0.001461,0.6956,0.6998770000000001,FALSE,FALSE,FALSE,7rgHSI,0.004461,0.7434,ab42,TRUE,reported,0.00153,6.84e-10,educ,TRUE,reported,K5Q3Oh,2,TRUE,NA
rs918765,G,C,G,C,-0.00839,-0.003593,0.3044,0.287342,FALSE,TRUE,FALSE,7rgHSI,0.004514,0.4261,ab42,TRUE,reported,0.00156,6.88e-8,educ,TRUE,reported,K5Q3Oh,2,TRUE,NA
rs925421,G,A,G,A,0.00732,0.00199,0.7228,0.72373,FALSE,FALSE,FALSE,7rgHSI,0.004612,0.6662,ab42,TRUE,reported,0.0016,4.42e-6,educ,TRUE,reported,K5Q3Oh,2,TRUE,NA
rs9267658,T,C,T,C,0.01384,-0.01116,0.1156,0.11721599999999999,FALSE,FALSE,FALSE,7rgHSI,0.006173,0.07069,ab42,TRUE,reported,0.00201,5.25e-12,educ,TRUE,reported,K5Q3Oh,2,TRUE,NA
rs9267677,T,C,T,C,0.01797,-0.001073,0.8878,0.866615,FALSE,FALSE,FALSE,7rgHSI,0.006576,0.8704,ab42,TRUE,reported,0.00237,3.66e-14,educ,TRUE,reported,K5Q3Oh,2,TRUE,NA
rs9289300,T,C,T,C,-0.01645,0.002202,0.8163,0.846381,FALSE,FALSE,FALSE,7rgHSI,0.005454,0.6864,ab42,TRUE,reported,0.00192,1e-17,educ,TRUE,reported,K5Q3Oh,2,TRUE,NA
rs9294770,C,T,C,T,-0.00829,-0.005857,0.5748,0.59826,FALSE,FALSE,FALSE,7rgHSI,0.00443,0.1863,ab42,TRUE,reported,0.00144,8.74e-9,educ,TRUE,reported,K5Q3Oh,2,TRUE,NA
rs929511,C,T,C,T,0.01604,0.002293,0.8554,0.875885,FALSE,FALSE,FALSE,7rgHSI,0.006666,0.7309,ab42,TRUE,reported,0.00212,3.91e-14,educ,TRUE,reported,K5Q3Oh,2,TRUE,NA
rs9297906,C,A,C,A,0.00692,4.897e-4,0.352,0.371605,FALSE,FALSE,FALSE,7rgHSI,0.00422,0.9076,ab42,TRUE,reported,0.00148,2.77e-6,educ,TRUE,reported,K5Q3Oh,2,TRUE,NA
rs9300612,T,C,T,C,0.00843,-0.002295,0.7245,0.68223,FALSE,FALSE,FALSE,7rgHSI,0.004415,0.6032,ab42,TRUE,reported,0.00152,3.07e-8,educ,TRUE,reported,K5Q3Oh,2,TRUE,NA
rs9313415,T,A,T,A,0.00818,-0.007986,0.1871,0.193363,FALSE,TRUE,FALSE,7rgHSI,0.005079,0.116,ab42,TRUE,reported,0.00177,3.72e-6,educ,TRUE,reported,K5Q3Oh,2,TRUE,NA
rs933738,A,G,A,G,-0.01098,-0.002273,0.8605,0.813443,FALSE,FALSE,FALSE,7rgHSI,0.00514,0.6584,ab42,TRUE,reported,0.00183,2.08e-9,educ,TRUE,reported,K5Q3Oh,2,TRUE,NA
rs9347382,A,T,A,T,0.01059,0.004832,0.1548,0.115445,FALSE,TRUE,FALSE,7rgHSI,0.006022,0.4224,ab42,TRUE,reported,0.00214,7.15e-7,educ,TRUE,reported,K5Q3Oh,2,TRUE,NA
rs9347969,C,A,C,A,0.00771,0.006422,0.2245,0.240745,FALSE,FALSE,FALSE,7rgHSI,0.004797,0.1807,ab42,TRUE,reported,0.00168,4.78e-6,educ,TRUE,reported,K5Q3Oh,2,TRUE,NA
rs9349956,A,C,A,C,-0.0159,1.153e-4,0.7602,0.212704,FALSE,FALSE,FALSE,7rgHSI,0.005281,0.9826,ab42,TRUE,reported,0.00184,4.89e-18,educ,TRUE,reported,K5Q3Oh,2,TRUE,NA
rs9357660,A,C,A,C,0.00923,8.895e-4,0.8367,0.811872,FALSE,FALSE,FALSE,7rgHSI,0.005105,0.8617,ab42,TRUE,reported,0.00178,2.04e-7,educ,TRUE,reported,K5Q3Oh,2,TRUE,NA
rs9359939,A,C,A,C,-0.01047,5.49e-4,0.2279,0.237558,FALSE,FALSE,FALSE,7rgHSI,0.004749,0.908,ab42,TRUE,reported,0.00163,1.51e-10,educ,TRUE,reported,K5Q3Oh,2,TRUE,NA
rs9362387,C,T,C,T,0.00766,-6.313e-4,0.733,0.735494,FALSE,FALSE,FALSE,7rgHSI,0.004736,0.894,ab42,TRUE,reported,0.0016,1.65e-6,educ,TRUE,reported,K5Q3Oh,2,TRUE,NA
rs936496,A,G,A,G,-0.00792,-0.007045,0.6173,0.605882,FALSE,FALSE,FALSE,7rgHSI,0.004149,0.0896,ab42,TRUE,reported,0.00145,4.38e-8,educ,TRUE,reported,K5Q3Oh,2,TRUE,NA
rs9367942,G,A,G,A,-0.01109,0.004422,0.8707,0.860733,FALSE,FALSE,FALSE,7rgHSI,0.006251,0.4794,ab42,TRUE,reported,0.00204,5.65e-8,educ,TRUE,reported,K5Q3Oh,2,TRUE,NA
rs9371883,C,G,C,G,-0.00866,0.01004,0.6463,0.679612,FALSE,TRUE,FALSE,7rgHSI,0.004296,0.0195,ab42,TRUE,reported,0.00146,3.42e-9,educ,TRUE,reported,K5Q3Oh,2,TRUE,NA
rs9373363,A,G,A,G,-0.01114,0.004362,0.7704,0.755128,FALSE,FALSE,FALSE,7rgHSI,0.00478,0.3616,ab42,TRUE,reported,0.00162,5.54e-12,educ,TRUE,reported,K5Q3Oh,2,TRUE,NA
rs9373384,A,G,A,G,0.00856,-7.713e-5,0.2568,0.239252,FALSE,FALSE,FALSE,7rgHSI,0.004625,0.9867,ab42,TRUE,reported,0.00164,1.64e-7,educ,TRUE,reported,K5Q3Oh,2,TRUE,NA
rs9375188,T,C,T,C,0.02125,-0.005928,0.4966,0.466076,FALSE,FALSE,FALSE,7rgHSI,0.004078,0.1461,ab42,TRUE,reported,0.0014,8.78e-52,educ,TRUE,reported,K5Q3Oh,2,TRUE,NA
rs9375477,G,A,G,A,0.00894,0.001269,0.1412,0.172883,FALSE,FALSE,FALSE,7rgHSI,0.005266,0.8096,ab42,TRUE,reported,0.0019,2.64e-6,educ,TRUE,reported,K5Q3Oh,2,TRUE,NA
rs9378248,A,G,A,G,-0.0074400000000000004,0.005802,0.3878,0.407407,FALSE,FALSE,FALSE,7rgHSI,0.004173,0.1646,ab42,TRUE,reported,0.0015,7.69e-7,educ,TRUE,reported,K5Q3Oh,2,TRUE,NA
rs9386110,T,C,T,C,-0.01629,0.007244,0.8929,0.894487,FALSE,FALSE,FALSE,7rgHSI,0.006747,0.2831,ab42,TRUE,reported,0.00226,5.66e-13,educ,TRUE,reported,K5Q3Oh,2,TRUE,NA
rs9386787,A,G,A,G,-0.00764,-0.003331,0.4864,0.47297500000000003,FALSE,FALSE,FALSE,7rgHSI,0.004067,0.4129,ab42,TRUE,reported,0.0014,5.39e-8,educ,TRUE,reported,K5Q3Oh,2,TRUE,NA
rs9388304,A,G,A,G,0.00726,-0.006099,0.6259,0.634493,FALSE,FALSE,FALSE,7rgHSI,0.004272,0.1535,ab42,TRUE,reported,0.00145,5.99e-7,educ,TRUE,reported,K5Q3Oh,2,TRUE,NA
rs9388490,T,C,T,C,0.0091,-0.005327,0.4235,0.471712,FALSE,FALSE,FALSE,7rgHSI,0.004214,0.2063,ab42,TRUE,reported,0.00141,1.15e-10,educ,TRUE,reported,K5Q3Oh,2,TRUE,NA
rs939400,G,T,G,T,0.00947,-0.005085,0.6241,0.609286,FALSE,FALSE,FALSE,7rgHSI,0.004196,0.2256,ab42,TRUE,reported,0.00145,7.52e-11,educ,TRUE,reported,K5Q3Oh,2,TRUE,NA
rs939592,T,A,T,A,-0.00731,0.007603,0.5306,0.507961,FALSE,TRUE,TRUE,7rgHSI,0.004123,0.06525,ab42,TRUE,reported,0.00141,1.99e-7,educ,TRUE,reported,K5Q3Oh,2,FALSE,NA
rs9400864,C,T,C,T,-0.00771,-0.001733,0.3333,0.328981,FALSE,FALSE,FALSE,7rgHSI,0.004353,0.6906,ab42,TRUE,reported,0.00151,3.1e-7,educ,TRUE,reported,K5Q3Oh,2,TRUE,NA
rs9401115,A,G,A,G,-0.00825,0.004554,0.2262,0.275023,FALSE,FALSE,FALSE,7rgHSI,0.004545,0.3165,ab42,TRUE,reported,0.00161,2.79e-7,educ,TRUE,reported,K5Q3Oh,2,TRUE,NA
rs9411331,C,A,C,A,-0.01449,-3.664e-4,0.3231,0.32905799999999996,FALSE,FALSE,FALSE,7rgHSI,0.00434,0.9327,ab42,TRUE,reported,0.00151,7.63e-22,educ,TRUE,reported,K5Q3Oh,2,TRUE,NA
rs9415068,T,C,T,C,0.00775,-0.007043,0.3537,0.39919899999999997,FALSE,FALSE,FALSE,7rgHSI,0.004199,0.09355,ab42,TRUE,reported,0.00147,1.41e-7,educ,TRUE,reported,K5Q3Oh,2,TRUE,NA
rs942349,C,G,C,G,-0.00822,0.006627,0.7857,0.735787,FALSE,TRUE,FALSE,7rgHSI,0.004759,0.1638,ab42,TRUE,reported,0.00164,5.57e-7,educ,TRUE,reported,K5Q3Oh,2,TRUE,NA
rs9423846,A,G,A,G,-0.0067,0.002232,0.6173,0.604312,FALSE,FALSE,FALSE,7rgHSI,0.004149,0.5906,ab42,TRUE,reported,0.00144,3.36e-6,educ,TRUE,reported,K5Q3Oh,2,TRUE,NA
rs9435340,A,T,A,T,0.00863,-6.681e-4,0.6514,0.674962,FALSE,TRUE,FALSE,7rgHSI,0.004286,0.8761,ab42,TRUE,reported,0.00148,5.99e-9,educ,TRUE,reported,K5Q3Oh,2,TRUE,NA
rs9442750,A,G,A,G,-0.00889,0.001503,0.7755,0.7586539999999999,FALSE,FALSE,FALSE,7rgHSI,0.004594,0.7435,ab42,TRUE,reported,0.00161,3.15e-8,educ,TRUE,reported,K5Q3Oh,2,TRUE,NA
rs9446060,A,G,A,G,0.00773,-0.002848,0.5663,0.557237,FALSE,FALSE,FALSE,7rgHSI,0.004051,0.4821,ab42,TRUE,reported,0.00141,4.33e-8,educ,TRUE,reported,K5Q3Oh,2,TRUE,NA
rs9465509,A,G,A,G,-0.00838,-0.003256,0.4694,0.482615,FALSE,FALSE,FALSE,7rgHSI,0.004011,0.417,ab42,TRUE,reported,0.0014,2.35e-9,educ,TRUE,reported,K5Q3Oh,2,TRUE,NA
rs9471333,C,T,C,T,-0.00762,-0.006731,0.4201,0.440314,FALSE,FALSE,FALSE,7rgHSI,0.004062,0.0976,ab42,TRUE,reported,0.00141,6.84e-8,educ,TRUE,reported,K5Q3Oh,2,TRUE,NA
rs9490512,A,G,A,G,-0.01364,-0.002104,0.4235,0.446643,FALSE,FALSE,FALSE,7rgHSI,0.004088,0.6067,ab42,TRUE,reported,0.00141,4e-22,educ,TRUE,reported,K5Q3Oh,2,TRUE,NA
rs9491533,A,G,A,G,0.0096,-0.003903,0.8844,0.867231,FALSE,FALSE,FALSE,7rgHSI,0.005844,0.5043,ab42,TRUE,reported,0.00209,4.17e-6,educ,TRUE,reported,K5Q3Oh,2,TRUE,NA
rs9492436,T,C,T,C,-0.01151,-0.001611,0.1139,0.108362,FALSE,FALSE,FALSE,7rgHSI,0.006546,0.8056,ab42,TRUE,reported,0.00233,8.03e-7,educ,TRUE,reported,K5Q3Oh,2,TRUE,NA
rs9492774,G,C,G,C,-0.00796,-0.006684,0.6718,0.606329,FALSE,TRUE,FALSE,7rgHSI,0.0041660000000000004,0.1087,ab42,TRUE,reported,0.00145,4.33e-8,educ,TRUE,reported,K5Q3Oh,2,TRUE,NA
rs9496638,G,A,G,A,-0.00714,-0.003541,0.3095,0.289175,FALSE,FALSE,FALSE,7rgHSI,0.004538,0.4353,ab42,TRUE,reported,0.00154,3.5e-6,educ,TRUE,reported,K5Q3Oh,2,TRUE,NA
rs9513416,G,A,G,A,0.01156,0.01345,0.1395,0.149476,FALSE,FALSE,FALSE,7rgHSI,0.005778,0.02,ab42,TRUE,reported,0.00193,2.18e-9,educ,TRUE,reported,K5Q3Oh,2,TRUE,NA
rs9513754,C,T,C,T,-0.00962,-0.001861,0.6973,0.713258,FALSE,FALSE,FALSE,7rgHSI,0.004497,0.6791,ab42,TRUE,reported,0.00156,6.64e-10,educ,TRUE,reported,K5Q3Oh,2,TRUE,NA
rs951573,T,C,T,C,-0.0066,-0.002411,0.6241,0.606452,FALSE,FALSE,FALSE,7rgHSI,0.004131,0.5596,ab42,TRUE,reported,0.00144,4.26e-6,educ,TRUE,reported,K5Q3Oh,2,TRUE,NA
rs9516120,A,G,A,G,0.00922,0.009537,0.2347,0.191022,FALSE,FALSE,FALSE,7rgHSI,0.005113,0.06224,ab42,TRUE,reported,0.00174,1.13e-7,educ,TRUE,reported,K5Q3Oh,2,TRUE,NA
rs9522384,T,C,T,C,0.00831,8.03e-4,0.2619,0.27178899999999995,FALSE,FALSE,FALSE,7rgHSI,0.004691,0.8641,ab42,TRUE,reported,0.00165,4.75e-7,educ,TRUE,reported,K5Q3Oh,2,TRUE,NA
rs9527662,T,A,T,A,-0.00943,-0.002724,0.5357,0.537804,FALSE,TRUE,TRUE,7rgHSI,0.004045,0.5007,ab42,TRUE,reported,0.00142,3.37e-11,educ,TRUE,reported,K5Q3Oh,2,FALSE,NA
rs9527905,A,G,A,G,-0.0094,0.002352,0.5986,0.5643670000000001,FALSE,FALSE,FALSE,7rgHSI,0.004159,0.5717,ab42,TRUE,reported,0.00142,4.11e-11,educ,TRUE,reported,K5Q3Oh,2,TRUE,NA
rs9529146,T,C,T,C,0.01267,-0.008486,0.2007,0.23872800000000005,FALSE,FALSE,FALSE,7rgHSI,0.004858,0.08079,ab42,TRUE,reported,0.00167,3.48e-14,educ,TRUE,reported,K5Q3Oh,2,TRUE,NA
rs9533089,T,A,T,A,-0.00745,-0.003398,0.6054,0.635602,FALSE,TRUE,FALSE,7rgHSI,0.004149,0.4128,ab42,TRUE,reported,0.00143,1.86e-7,educ,TRUE,reported,K5Q3Oh,2,TRUE,NA
rs9536462,G,A,G,A,-0.01333,-0.01099,0.8503,0.85465,FALSE,FALSE,FALSE,7rgHSI,0.005691,0.05354,ab42,TRUE,reported,0.00199,2.1e-11,educ,TRUE,reported,K5Q3Oh,2,TRUE,NA
rs9540718,T,A,T,A,0.00894,-0.002269,0.551,0.514814,FALSE,TRUE,TRUE,7rgHSI,0.004088,0.5789,ab42,TRUE,reported,0.0014,1.88e-10,educ,TRUE,reported,K5Q3Oh,2,FALSE,NA
rs9542674,G,T,G,T,0.00751,0.00548,0.7585,0.756852,FALSE,FALSE,FALSE,7rgHSI,0.004633,0.237,ab42,TRUE,reported,0.00162,3.75e-6,educ,TRUE,reported,K5Q3Oh,2,TRUE,NA
rs9543555,G,A,G,A,0.00912,0.001701,0.1701,0.20636,FALSE,FALSE,FALSE,7rgHSI,0.005051,0.7364,ab42,TRUE,reported,0.00179,3.46e-7,educ,TRUE,reported,K5Q3Oh,2,TRUE,NA
rs9545395,T,C,T,C,0.0138,6.94e-4,0.8537,0.853742,FALSE,FALSE,FALSE,7rgHSI,0.005933,0.9069,ab42,TRUE,reported,0.00209,3.81e-11,educ,TRUE,reported,K5Q3Oh,2,TRUE,NA
rs9551887,T,C,T,C,-0.00691,-0.002827,0.5595,0.531029,FALSE,FALSE,FALSE,7rgHSI,0.003975,0.477,ab42,TRUE,reported,0.00141,9.75e-7,educ,TRUE,reported,K5Q3Oh,2,TRUE,NA
rs9556958,C,T,C,T,0.01097,0.006161,0.4711,0.47265199999999996,FALSE,FALSE,FALSE,7rgHSI,0.00404,0.1274,ab42,TRUE,reported,0.00141,5.96e-15,educ,TRUE,reported,K5Q3Oh,2,TRUE,NA
rs9563168,A,G,A,G,0.0101,0.007355,0.2279,0.211349,FALSE,FALSE,FALSE,7rgHSI,0.004926,0.1355,ab42,TRUE,reported,0.00172,4.07e-9,educ,TRUE,reported,K5Q3Oh,2,TRUE,NA
rs9568798,T,C,T,C,-0.00928,0.003454,0.2976,0.296936,FALSE,FALSE,FALSE,7rgHSI,0.004493,0.4421,ab42,TRUE,reported,0.00155,2.3e-9,educ,TRUE,reported,K5Q3Oh,2,TRUE,NA
rs9576467,A,T,A,T,-0.00971,-0.01541,0.1429,0.148599,FALSE,TRUE,FALSE,7rgHSI,0.005811,0.00804,ab42,TRUE,reported,0.002,1.28e-6,educ,TRUE,reported,K5Q3Oh,2,TRUE,NA
rs9595885,A,G,A,G,0.00718,-0.007827,0.3861,0.371096,FALSE,FALSE,FALSE,7rgHSI,0.004281,0.06763,ab42,TRUE,reported,0.00145,7.58e-7,educ,TRUE,reported,K5Q3Oh,2,TRUE,NA
rs9597907,C,T,C,T,-0.01517,-8.237e-4,0.92687,0.914413,FALSE,FALSE,FALSE,7rgHSI,0.007478,0.9123,ab42,TRUE,reported,0.00268,1.56e-8,educ,TRUE,reported,K5Q3Oh,2,TRUE,NA
rs9607859,C,T,C,T,-0.032,-0.01224,0.98639,0.981198,FALSE,FALSE,FALSE,7rgHSI,0.01402,0.3826,ab42,TRUE,reported,0.00618,2.21e-7,educ,TRUE,reported,K5Q3Oh,2,TRUE,NA
rs9608471,T,C,T,C,0.00709,0.002535,0.6718,0.670865,FALSE,FALSE,FALSE,7rgHSI,0.004223,0.5483,ab42,TRUE,reported,0.00151,2.54e-6,educ,TRUE,reported,K5Q3Oh,2,TRUE,NA
rs9616906,G,A,G,A,-0.01215,-0.00767,0.5765,0.559563,FALSE,FALSE,FALSE,7rgHSI,0.003961,0.0529,ab42,TRUE,reported,0.00141,8.31e-18,educ,TRUE,reported,K5Q3Oh,2,TRUE,NA
rs9616947,T,C,T,C,-0.01339,-0.003161,0.3537,0.393086,FALSE,FALSE,FALSE,7rgHSI,0.004359,0.4684,ab42,TRUE,reported,0.00146,3.58e-20,educ,TRUE,reported,K5Q3Oh,2,TRUE,NA
rs9633970,C,T,C,T,-0.00913,-0.002365,0.2738,0.23626400000000003,FALSE,FALSE,FALSE,7rgHSI,0.004839,0.625,ab42,TRUE,reported,0.00164,2.81e-8,educ,TRUE,reported,K5Q3Oh,2,TRUE,NA
rs9643994,C,T,C,T,0.00865,-0.004364,0.2449,0.24103799999999997,FALSE,FALSE,FALSE,7rgHSI,0.004742,0.3575,ab42,TRUE,reported,0.00163,1.06e-7,educ,TRUE,reported,K5Q3Oh,2,TRUE,NA
rs9649,T,C,T,C,0.01078,-0.001949,0.1786,0.172405,FALSE,FALSE,FALSE,7rgHSI,0.005308,0.7135,ab42,TRUE,reported,0.00185,6.13e-9,educ,TRUE,reported,K5Q3Oh,2,TRUE,NA
rs964916,T,A,T,A,-0.00681,-0.001894,0.6259,0.6113489999999999,FALSE,TRUE,FALSE,7rgHSI,0.004143,0.6476,ab42,TRUE,reported,0.00143,1.91e-6,educ,TRUE,reported,K5Q3Oh,2,TRUE,NA
rs965979,A,C,A,C,0.00709,-0.00554,0.3588,0.326732,FALSE,FALSE,FALSE,7rgHSI,0.004367,0.2047,ab42,TRUE,reported,0.00147,1.53e-6,educ,TRUE,reported,K5Q3Oh,2,TRUE,NA
rs9666728,T,C,T,C,-0.00817,0.002842,0.4762,0.429473,FALSE,FALSE,FALSE,7rgHSI,0.004077,0.4858,ab42,TRUE,reported,0.00141,7.1e-9,educ,TRUE,reported,K5Q3Oh,2,TRUE,NA
rs9669278,C,T,C,T,-0.00765,0.001003,0.5544,0.54093,FALSE,FALSE,FALSE,7rgHSI,0.004056,0.8047,ab42,TRUE,reported,0.0014,5.11e-8,educ,TRUE,reported,K5Q3Oh,2,TRUE,NA
rs9683585,G,C,G,C,-0.00844,-0.005948,0.4473,0.434832,FALSE,TRUE,TRUE,7rgHSI,0.004013,0.1384,ab42,TRUE,reported,0.00142,2.46e-9,educ,TRUE,reported,K5Q3Oh,2,FALSE,NA
rs969512,T,A,T,A,0.01055,0.008081,0.2959,0.339883,FALSE,TRUE,FALSE,7rgHSI,0.004209,0.05496,ab42,TRUE,reported,0.00148,9.84e-13,educ,TRUE,reported,K5Q3Oh,2,TRUE,NA
rs971230,G,C,G,C,-0.00861,3.688e-4,0.2534,0.26834,FALSE,TRUE,FALSE,7rgHSI,0.004892,0.9399,ab42,TRUE,reported,0.00161,9.68e-8,educ,TRUE,reported,K5Q3Oh,2,TRUE,NA
rs975808,G,A,G,A,0.00739,0.002647,0.2789,0.259855,FALSE,FALSE,FALSE,7rgHSI,0.004871,0.5869,ab42,TRUE,reported,0.0016,3.74e-6,educ,TRUE,reported,K5Q3Oh,2,TRUE,NA
rs9771228,T,C,T,C,0.00962,6.076e-4,0.6735,0.646058,FALSE,FALSE,FALSE,7rgHSI,0.004269,0.8868,ab42,TRUE,reported,0.00147,5.91e-11,educ,TRUE,reported,K5Q3Oh,2,TRUE,NA
rs977143,A,G,A,G,0.00854,0.003018,0.3622,0.358285,FALSE,FALSE,FALSE,7rgHSI,0.004268,0.4795,ab42,TRUE,reported,0.00145,3.95e-9,educ,TRUE,reported,K5Q3Oh,2,TRUE,NA
rs978807,G,A,G,A,-0.0139,-0.001707,0.7738,0.81198,FALSE,FALSE,FALSE,7rgHSI,0.005135,0.7396,ab42,TRUE,reported,0.00179,9.14e-15,educ,TRUE,reported,K5Q3Oh,2,TRUE,NA
rs9806705,A,T,A,T,-0.01316,0.001583,0.91156,0.916215,FALSE,TRUE,FALSE,7rgHSI,0.007621,0.8355,ab42,TRUE,reported,0.00249,1.27e-7,educ,TRUE,reported,K5Q3Oh,2,TRUE,NA
rs981230,C,T,C,T,-0.00996,-0.004691,0.5255,0.51546,FALSE,FALSE,FALSE,7rgHSI,0.004137,0.257,ab42,TRUE,reported,0.0014,1.28e-12,educ,TRUE,reported,K5Q3Oh,2,TRUE,NA
rs9814482,C,T,C,T,-0.00814,0.001199,0.2143,0.223576,FALSE,FALSE,FALSE,7rgHSI,0.005001,0.8105,ab42,TRUE,reported,0.00167,1.12e-6,educ,TRUE,reported,K5Q3Oh,2,TRUE,NA
rs9815854,T,A,T,A,-0.00643,0.003885,0.4745,0.458007,FALSE,TRUE,TRUE,7rgHSI,0.004077,0.3407,ab42,TRUE,reported,0.0014,4.56e-6,educ,TRUE,reported,K5Q3Oh,2,FALSE,NA
rs9816054,T,C,T,C,0.00765,-0.001198,0.7347,0.700354,FALSE,FALSE,FALSE,7rgHSI,0.00439,0.785,ab42,TRUE,reported,0.00155,7.54e-7,educ,TRUE,reported,K5Q3Oh,2,TRUE,NA
rs981883,G,A,G,A,-0.00988,-0.003838,0.5918,0.610363,FALSE,FALSE,FALSE,7rgHSI,0.004083,0.3473,ab42,TRUE,reported,0.00144,6.67e-12,educ,TRUE,reported,K5Q3Oh,2,TRUE,NA
rs9821664,G,A,G,A,-0.00941,0.003163,0.7993,0.778226,FALSE,FALSE,FALSE,7rgHSI,0.005182,0.5416,ab42,TRUE,reported,0.00172,4.52e-8,educ,TRUE,reported,K5Q3Oh,2,TRUE,NA
rs982422,T,G,T,G,-0.0094,0.01322,0.1837,0.214075,FALSE,FALSE,FALSE,7rgHSI,0.005672,0.01982,ab42,TRUE,reported,0.00176,9.14e-8,educ,TRUE,reported,K5Q3Oh,2,TRUE,NA
rs9829408,C,T,C,T,-0.00754,-0.006913,0.4269,0.448953,FALSE,FALSE,FALSE,7rgHSI,0.004063,0.08899,ab42,TRUE,reported,0.00141,8.4e-8,educ,TRUE,reported,K5Q3Oh,2,TRUE,NA
rs9830359,C,T,C,T,0.01466,0.007594,0.8622,0.893594,FALSE,FALSE,FALSE,7rgHSI,0.0065970000000000004,0.2498,ab42,TRUE,reported,0.00223,4.7e-11,educ,TRUE,reported,K5Q3Oh,2,TRUE,NA
rs9844755,A,G,A,G,0.00826,0.006027,0.3333,0.330952,FALSE,FALSE,FALSE,7rgHSI,0.004249,0.1561,ab42,TRUE,reported,0.00151,4.64e-8,educ,TRUE,reported,K5Q3Oh,2,TRUE,NA
rs9849884,T,A,T,A,0.009,0.00228,0.4473,0.40251000000000003,FALSE,TRUE,TRUE,7rgHSI,0.004151,0.583,ab42,TRUE,reported,0.00142,2.51e-10,educ,TRUE,reported,K5Q3Oh,2,FALSE,NA
rs9853928,T,C,T,C,-0.0127,-0.004611,0.2109,0.24381,FALSE,FALSE,FALSE,7rgHSI,0.004879,0.3447,ab42,TRUE,reported,0.00172,1.59e-13,educ,TRUE,reported,K5Q3Oh,2,TRUE,NA
rs9855241,C,T,C,T,-0.0093,-6.03e-4,0.8027,0.840684,FALSE,FALSE,FALSE,7rgHSI,0.005292,0.9093,ab42,TRUE,reported,0.00183,3.88e-7,educ,TRUE,reported,K5Q3Oh,2,TRUE,NA
rs9859556,G,T,G,T,-0.02901,-0.00594,0.6905,0.68882,FALSE,FALSE,FALSE,7rgHSI,0.004396,0.1767,ab42,TRUE,reported,0.00151,4.61e-82,educ,TRUE,reported,K5Q3Oh,2,TRUE,NA
rs9862416,A,G,A,G,0.00731,0.0025959999999999998,0.6769,0.656514,FALSE,FALSE,FALSE,7rgHSI,0.004278,0.5441,ab42,TRUE,reported,0.00152,1.48e-6,educ,TRUE,reported,K5Q3Oh,2,TRUE,NA
rs9863658,C,T,C,T,0.0077,0.001681,0.6548,0.654111,FALSE,FALSE,FALSE,7rgHSI,0.004268,0.6937,ab42,TRUE,reported,0.00148,1.8e-7,educ,TRUE,reported,K5Q3Oh,2,TRUE,NA
rs9864672,T,C,T,C,-0.00708,0.004138,0.5102,0.531799,FALSE,FALSE,FALSE,7rgHSI,0.004082,0.3108,ab42,TRUE,reported,0.0014,4.71e-7,educ,TRUE,reported,K5Q3Oh,2,TRUE,NA
rs9866846,A,G,A,G,0.01069,-0.003042,0.7585,0.745396,FALSE,FALSE,FALSE,7rgHSI,0.004633,0.5114,ab42,TRUE,reported,0.00221,1.34e-6,educ,TRUE,reported,K5Q3Oh,2,TRUE,NA
rs9870317,A,C,A,C,0.00862,7.279e-4,0.301,0.33974400000000005,FALSE,FALSE,FALSE,7rgHSI,0.004342,0.8669,ab42,TRUE,reported,0.0015,9.35e-9,educ,TRUE,reported,K5Q3Oh,2,TRUE,NA
rs9871209,C,T,C,T,-0.00932,-4.229e-4,0.1616,0.17463799999999996,FALSE,FALSE,FALSE,7rgHSI,0.005487,0.9386,ab42,TRUE,reported,0.00187,6.54e-7,educ,TRUE,reported,K5Q3Oh,2,TRUE,NA
rs9875,C,T,C,T,0.00725,0.008432,0.2993,0.30445,FALSE,FALSE,FALSE,7rgHSI,0.004445,0.05793,ab42,TRUE,reported,0.00151,1.59e-6,educ,TRUE,reported,K5Q3Oh,2,TRUE,NA
rs9877137,T,C,T,C,-0.00655,0.004781,0.4167,0.41235,FALSE,FALSE,FALSE,7rgHSI,0.004182,0.2531,ab42,TRUE,reported,0.00142,3.79e-6,educ,TRUE,reported,K5Q3Oh,2,TRUE,NA
rs9877225,T,C,T,C,0.00902,0.006357,0.7653,0.754204,FALSE,FALSE,FALSE,7rgHSI,0.004739,0.1799,ab42,TRUE,reported,0.00165,4.22e-8,educ,TRUE,reported,K5Q3Oh,2,TRUE,NA
rs987773,G,C,G,C,0.00767,0.004241,0.6122,0.580536,FALSE,TRUE,FALSE,7rgHSI,0.00412,0.3034,ab42,TRUE,reported,0.00144,1.08e-7,educ,TRUE,reported,K5Q3Oh,2,TRUE,NA
rs9882532,C,T,C,T,-0.01237,-0.002139,0.3639,0.353711,FALSE,FALSE,FALSE,7rgHSI,0.004218,0.6122,ab42,TRUE,reported,0.00146,2.15e-17,educ,TRUE,reported,K5Q3Oh,2,TRUE,NA
rs9883813,G,C,G,C,0.01321,0.003497,0.8571,0.82955,FALSE,TRUE,FALSE,7rgHSI,0.005708,0.5402,ab42,TRUE,reported,0.0018600000000000001,1.23e-12,educ,TRUE,reported,K5Q3Oh,2,TRUE,NA
rs9884005,G,A,G,A,0.00791,-0.005082,0.2925,0.307345,FALSE,FALSE,FALSE,7rgHSI,0.004428,0.2512,ab42,TRUE,reported,0.00157,4.52e-7,educ,TRUE,reported,K5Q3Oh,2,TRUE,NA
rs9884316,C,G,C,G,0.00661,3.771e-4,0.568,0.609008,FALSE,TRUE,TRUE,7rgHSI,0.004132,0.9273,ab42,TRUE,reported,0.00143,4e-6,educ,TRUE,reported,K5Q3Oh,2,FALSE,NA
rs9886703,A,T,A,T,-0.01362,4.678e-4,0.1701,0.18056700000000003,FALSE,TRUE,FALSE,7rgHSI,0.00541,0.9311,ab42,TRUE,reported,0.00188,4.46e-13,educ,TRUE,reported,K5Q3Oh,2,TRUE,NA
rs9888616,T,C,T,C,-0.00906,0.008027,0.1871,0.192855,FALSE,FALSE,FALSE,7rgHSI,0.005167,0.1204,ab42,TRUE,reported,0.00176,2.45e-7,educ,TRUE,reported,K5Q3Oh,2,TRUE,NA
rs9888796,T,C,T,C,0.01134,-0.006513,0.2806,0.26137999999999995,FALSE,FALSE,FALSE,7rgHSI,0.004663,0.1626,ab42,TRUE,reported,0.0016,1.2e-12,educ,TRUE,reported,K5Q3Oh,2,TRUE,NA
rs9899056,A,G,A,G,0.00683,-0.001019,0.3929,0.397151,FALSE,FALSE,FALSE,7rgHSI,0.004256,0.8109,ab42,TRUE,reported,0.00144,2.01e-6,educ,TRUE,reported,K5Q3Oh,2,TRUE,NA
rs9902820,A,C,A,C,-0.00685,-0.003911,0.631,0.61466,FALSE,FALSE,FALSE,7rgHSI,0.004135,0.3443,ab42,TRUE,reported,0.00143,1.68e-6,educ,TRUE,reported,K5Q3Oh,2,TRUE,NA
rs9903071,C,T,C,T,0.00743,-0.006519,0.4116,0.391762,FALSE,FALSE,FALSE,7rgHSI,0.004161,0.1173,ab42,TRUE,reported,0.00146,3.37e-7,educ,TRUE,reported,K5Q3Oh,2,TRUE,NA
rs9906951,T,C,T,C,-0.00824,0.005503,0.4966,0.49926099999999995,FALSE,FALSE,FALSE,7rgHSI,0.004064,0.1758,ab42,TRUE,reported,0.0014,4.14e-9,educ,TRUE,reported,K5Q3Oh,2,TRUE,NA
rs9916901,G,T,G,T,-0.00918,-8.597e-4,0.2755,0.285125,FALSE,FALSE,FALSE,7rgHSI,0.004535,0.8497,ab42,TRUE,reported,0.00159,8.4e-9,educ,TRUE,reported,K5Q3Oh,2,TRUE,NA
rs9918775,G,A,G,A,0.00735,0.002573,0.2449,0.272682,FALSE,FALSE,FALSE,7rgHSI,0.004508,0.5683,ab42,TRUE,reported,0.00159,3.74e-6,educ,TRUE,reported,K5Q3Oh,2,TRUE,NA
rs991911,T,A,T,A,0.00739,0.008132,0.6378,0.6141209999999999,FALSE,TRUE,FALSE,7rgHSI,0.004296,0.05846,ab42,TRUE,reported,0.00144,2.99e-7,educ,TRUE,reported,K5Q3Oh,2,TRUE,NA
rs9924031,G,C,G,C,-0.00928,0.001618,0.5663,0.636387,FALSE,TRUE,TRUE,7rgHSI,0.004351,0.7101,ab42,TRUE,reported,0.00146,1.81e-10,educ,TRUE,reported,K5Q3Oh,2,FALSE,NA
rs9926649,T,G,T,G,0.01775,-0.01121,0.05102,0.0668925,FALSE,FALSE,FALSE,7rgHSI,0.007879,0.1549,ab42,TRUE,reported,0.00314,1.58e-8,educ,TRUE,reported,K5Q3Oh,2,TRUE,NA
rs9927049,G,A,G,A,-0.00985,-0.002898,0.2687,0.22659399999999996,FALSE,FALSE,FALSE,7rgHSI,0.004851,0.5503,ab42,TRUE,reported,0.00161,9.28e-10,educ,TRUE,reported,K5Q3Oh,2,TRUE,NA
rs9927410,A,C,A,C,0.0089,0.002666,0.7755,0.775547,FALSE,FALSE,FALSE,7rgHSI,0.004848,0.5824,ab42,TRUE,reported,0.00163,5.11e-8,educ,TRUE,reported,K5Q3Oh,2,TRUE,NA
rs9927842,C,T,C,T,0.01299,-0.00534,0.8452,0.841176,FALSE,FALSE,FALSE,7rgHSI,0.005726,0.3511,ab42,TRUE,reported,0.00199,6.22e-11,educ,TRUE,reported,K5Q3Oh,2,TRUE,NA
rs9929556,G,T,G,T,0.00993,-0.005387,0.4439,0.439991,FALSE,FALSE,FALSE,7rgHSI,0.004241,0.2041,ab42,TRUE,reported,0.00142,2.31e-12,educ,TRUE,reported,K5Q3Oh,2,TRUE,NA
rs9929762,A,G,A,G,0.00961,-0.001388,0.5833,0.552972,FALSE,FALSE,FALSE,7rgHSI,0.003997,0.7283,ab42,TRUE,reported,0.00141,1.03e-11,educ,TRUE,reported,K5Q3Oh,2,TRUE,NA
rs9929993,T,C,T,C,-0.01018,7.395e-4,0.369,0.360872,FALSE,FALSE,FALSE,7rgHSI,0.004461,0.8683,ab42,TRUE,reported,0.00146,3.18e-12,educ,TRUE,reported,K5Q3Oh,2,TRUE,NA
rs9930242,T,C,T,C,0.00963,-0.002738,0.8384,0.808716,FALSE,FALSE,FALSE,7rgHSI,0.005157,0.5955,ab42,TRUE,reported,0.00184,1.62e-7,educ,TRUE,reported,K5Q3Oh,2,TRUE,NA
rs9933256,A,G,A,G,0.01188,0.005391,0.5918,0.5712809999999999,FALSE,FALSE,FALSE,7rgHSI,0.004067,0.1851,ab42,TRUE,reported,0.00142,6.06e-17,educ,TRUE,reported,K5Q3Oh,2,TRUE,NA
rs994249,G,C,G,C,-0.00647,0.002945,0.5017,0.53186,FALSE,TRUE,TRUE,7rgHSI,0.004043,0.4665,ab42,TRUE,reported,0.00141,4.28e-6,educ,TRUE,reported,K5Q3Oh,2,FALSE,NA
rs9943498,T,C,T,C,0.0077,-0.002091,0.6616,0.655775,FALSE,FALSE,FALSE,7rgHSI,0.004321,0.6284,ab42,TRUE,reported,0.00147,1.57e-7,educ,TRUE,reported,K5Q3Oh,2,TRUE,NA
rs995698,A,G,A,G,-0.00995,0.005118,0.5459,0.537173,FALSE,FALSE,FALSE,7rgHSI,0.004071,0.2088,ab42,TRUE,reported,0.00141,1.53e-12,educ,TRUE,reported,K5Q3Oh,2,TRUE,NA
rs9973474,C,A,C,A,0.00833,-6.668e-4,0.7738,0.757083,FALSE,FALSE,FALSE,7rgHSI,0.004712,0.8875,ab42,TRUE,reported,0.00164,4.08e-7,educ,TRUE,reported,K5Q3Oh,2,TRUE,NA
rs9974899,T,C,T,C,-0.00926,0.00512,0.2738,0.240976,FALSE,FALSE,FALSE,7rgHSI,0.004868,0.293,ab42,TRUE,reported,0.00163,1.22e-8,educ,TRUE,reported,K5Q3Oh,2,TRUE,NA
rs9977825,T,C,T,C,-0.00919,-0.001491,0.3333,0.34066799999999997,FALSE,FALSE,FALSE,7rgHSI,0.004345,0.7315,ab42,TRUE,reported,0.00146,3.37e-10,educ,TRUE,reported,K5Q3Oh,2,TRUE,NA
rs9986272,T,C,T,C,0.01936,0.007187,0.07313,0.0642131,FALSE,FALSE,FALSE,7rgHSI,0.008508,0.3983,ab42,TRUE,reported,0.00277,2.68e-12,educ,TRUE,reported,K5Q3Oh,2,TRUE,NA
rs9992915,G,A,G,A,0.00765,-0.002763,0.4439,0.439991,FALSE,FALSE,FALSE,7rgHSI,0.004046,0.4947,ab42,TRUE,reported,0.0014,5.11e-8,educ,TRUE,reported,K5Q3Oh,2,TRUE,NA
